W=1626
-1        5.76507
-0.959184        5.99273
-0.918367        6.23148
-0.877551        6.46965
-0.836735        6.70697
-0.795918        6.94339
-0.755102        7.17881
-0.714286        7.41313
-0.673469        7.6463
-0.632653        7.87826
-0.591837        8.10886
-0.55102        8.33794
-0.510204        8.56572
-0.469388        8.79225
-0.428571        9.01747
-0.387755        9.24088
-0.346939        9.46313
-0.306122        9.6843
-0.265306        9.90364
-0.22449        10.1219
-0.183673        10.3392
-0.142857        10.5548
-0.102041        10.7695
-0.0612245        10.9835
-0.0204082        11.196
0.0204082        11.4078
0.0612245        11.6189
0.102041        11.8289
0.142857        12.0385
0.183673        12.2476
0.22449        12.4561
0.265306        12.6642
0.306122        12.8721
0.346939        13.0797
0.387755        13.2873
0.428571        13.4948
0.469388        13.7024
0.510204        13.9102
0.55102        14.1182
0.591837        14.3266
0.632653        14.5354
0.673469        14.7447
0.714286        14.9545
0.755102        15.165
0.795918        15.3762
0.836735        15.588
0.877551        15.8006
0.918367        16.014
0.959184        16.2283
1        16.4434

W=1642.23
-1        8.57909
-0.959184        9.26414
-0.918367        9.98059
-0.877551        10.6929
-0.836735        11.3995
-0.795918        12.1001
-0.755102        12.7942
-0.714286        13.4812
-0.673469        14.161
-0.632653        14.8334
-0.591837        15.4975
-0.55102        16.1528
-0.510204        16.8007
-0.469388        17.4417
-0.428571        18.0756
-0.387755        18.7
-0.346939        19.3187
-0.306122        19.9322
-0.265306        20.5373
-0.22449        21.1377
-0.183673        21.7343
-0.142857        22.3247
-0.102041        22.912
-0.0612245        23.4969
-0.0204082        24.0779
0.0204082        24.6578
0.0612245        25.2364
0.102041        25.8143
0.142857        26.3925
0.183673        26.9711
0.22449        27.5516
0.265306        28.1338
0.306122        28.718
0.346939        29.3063
0.387755        29.8976
0.428571        30.4921
0.469388        31.0922
0.510204        31.6968
0.55102        32.3058
0.591837        32.9196
0.632653        33.5391
0.673469        34.1642
0.714286        34.7941
0.755102        35.429
0.795918        36.0687
0.836735        36.7126
0.877551        37.3604
0.918367        38.0121
0.959184        38.6661
1        39.3221

W=1658.46
-1        9.79286
-0.959184        11.1267
-0.918367        12.5124
-0.877551        13.8812
-0.836735        15.2282
-0.795918        16.5546
-0.755102        17.8593
-0.714286        19.1416
-0.673469        20.4017
-0.632653        21.64
-0.591837        22.8547
-0.55102        24.0449
-0.510204        25.2154
-0.469388        26.368
-0.428571        27.5023
-0.387755        28.614
-0.346939        29.7125
-0.306122        30.7991
-0.265306        31.8681
-0.22449        32.928
-0.183673        33.9806
-0.142857        35.0231
-0.102041        36.0616
-0.0612245        37.0972
-0.0204082        38.1304
0.0204082        39.1646
0.0612245        40.1998
0.102041        41.241
0.142857        42.2867
0.183673        43.3381
0.22449        44.4014
0.265306        45.4723
0.306122        46.5525
0.346939        47.6489
0.387755        48.7554
0.428571        49.8728
0.469388        51.0075
0.510204        52.1548
0.55102        53.3138
0.591837        54.4849
0.632653        55.6695
0.673469        56.8653
0.714286        58.07
0.755102        59.2823
0.795918        60.5003
0.836735        61.7217
0.877551        62.9438
0.918367        64.1633
0.959184        65.3771
1        66.5811

W=1674.69
-1        8.36379
-0.959184        10.3488
-0.918367        12.3994
-0.877551        14.413
-0.836735        16.3809
-0.795918        18.3057
-0.755102        20.1865
-0.714286        22.0228
-0.673469        23.8154
-0.632653        25.5661
-0.591837        27.2723
-0.55102        28.9336
-0.510204        30.5597
-0.469388        32.1545
-0.428571        33.7182
-0.387755        35.2452
-0.346939        36.7521
-0.306122        38.2412
-0.265306        39.7065
-0.22449        41.1614
-0.183673        42.6084
-0.142857        44.0478
-0.102041        45.4875
-0.0612245        46.9278
-0.0204082        48.3771
0.0204082        49.8352
0.0612245        51.3022
0.102041        52.7931
0.142857        54.2981
0.183673        55.8207
0.22449        57.3752
0.265306        58.9483
0.306122        60.5438
0.346939        62.175
0.387755        63.8271
0.428571        65.5011
0.469388        67.2075
0.510204        68.9355
0.55102        70.6823
0.591837        72.4469
0.632653        74.2287
0.673469        76.0213
0.714286        77.8193
0.755102        79.6177
0.795918        81.4108
0.836735        83.1919
0.877551        84.954
0.918367        86.6855
0.959184        88.382
1        90.0322

W=1690.92
-1        3.66529
-0.959184        5.7876
-0.918367        8.00698
-0.877551        10.2077
-0.836735        12.3776
-0.795918        14.5136
-0.755102        16.6116
-0.714286        18.6688
-0.673469        20.684
-0.632653        22.6581
-0.591837        24.5881
-0.55102        26.4734
-0.510204        28.3247
-0.469388        30.1464
-0.428571        31.9396
-0.387755        33.7022
-0.346939        35.4507
-0.306122        37.1876
-0.265306        38.9145
-0.22449        40.6428
-0.183673        42.3736
-0.142857        44.1188
-0.102041        45.8808
-0.0612245        47.657
-0.0204082        49.4735
0.0204082        51.3164
0.0612245        53.1856
0.102041        55.1138
0.142857        57.0732
0.183673        59.071
0.22449        61.1324
0.265306        63.2285
0.306122        65.366
0.346939        67.5648
0.387755        69.7968
0.428571        72.0633
0.469388        74.3765
0.510204        76.7168
0.55102        79.0788
0.591837        81.4583
0.632653        83.8491
0.673469        86.2388
0.714286        88.6177
0.755102        90.9756
0.795918        93.3008
0.836735        95.5812
0.877551        97.8035
0.918367        99.9458
0.959184        102.004
1        103.957

W=1707.15
-1        1.10804
-0.959184        2.98012
-0.918367        4.97926
-0.877551        6.99135
-0.836735        8.99875
-0.795918        10.9878
-0.755102        12.9482
-0.714286        14.8723
-0.673469        16.7557
-0.632653        18.5963
-0.591837        20.389
-0.55102        22.1319
-0.510204        23.8364
-0.469388        25.5074
-0.428571        27.1466
-0.387755        28.7532
-0.346939        30.3464
-0.306122        31.9292
-0.265306        33.5081
-0.22449        35.0954
-0.183673        36.6915
-0.142857        38.3181
-0.102041        39.9745
-0.0612245        41.6561
-0.0204082        43.4045
0.0204082        45.1949
0.0612245        47.0272
0.102041        48.9509
0.142857        50.9218
0.183673        52.9506
0.22449        55.0735
0.265306        57.2468
0.306122        59.4798
0.346939        61.7996
0.387755        64.1654
0.428571        66.5784
0.469388        69.0538
0.510204        71.5637
0.55102        74.1002
0.591837        76.6571
0.632653        79.2243
0.673469        81.7849
0.714286        84.3262
0.755102        86.835
0.795918        89.2965
0.836735        91.6956
0.877551        94.0172
0.918367        96.2347
0.959184        98.3461
1        100.331

W=1723.38
-1        1.56445
-0.959184        2.82712
-0.918367        4.29443
-0.877551        5.86015
-0.836735        7.4981
-0.795918        9.17007
-0.755102        10.8524
-0.714286        12.5262
-0.673469        14.1776
-0.632653        15.7973
-0.591837        17.3746
-0.55102        18.9023
-0.510204        20.389
-0.469388        21.8388
-0.428571        23.2522
-0.387755        24.6272
-0.346939        25.9865
-0.306122        27.3336
-0.265306        28.6768
-0.22449        30.0319
-0.183673        31.3993
-0.142857        32.8082
-0.102041        34.2576
-0.0612245        35.7411
-0.0204082        37.3156
0.0204082        38.9473
0.0612245        40.6361
0.102041        42.4499
0.142857        44.3284
0.183673        46.2865
0.22449        48.3746
0.265306        50.5328
0.306122        52.7744
0.346939        55.1391
0.387755        57.5707
0.428571        60.0716
0.469388        62.6686
0.510204        65.3248
0.55102        68.0309
0.591837        70.7825
0.632653        73.5755
0.673469        76.3933
0.714286        79.2238
0.755102        82.0582
0.795918        84.8872
0.836735        87.7029
0.877551        90.4986
0.918367        93.2667
0.959184        96.0089
1        98.7247

W=1739.6
-1        3.18544
-0.959184        3.80911
-0.918367        4.72712
-0.877551        5.84236
-0.836735        7.12213
-0.795918        8.5018
-0.755102        9.94356
-0.714286        11.4167
-0.673469        12.8966
-0.632653        14.3655
-0.591837        15.8066
-0.55102        17.2058
-0.510204        18.566
-0.469388        19.8891
-0.428571        21.1738
-0.387755        22.4147
-0.346939        23.6357
-0.306122        24.8406
-0.265306        26.0358
-0.22449        27.2404
-0.183673        28.4554
-0.142857        29.711
-0.102041        31.0088
-0.0612245        32.3423
-0.0204082        33.7735
0.0204082        35.2676
0.0612245        36.8247
0.102041        38.5215
0.142857        40.2919
0.183673        42.1528
0.22449        44.1642
0.265306        46.2585
0.306122        48.4514
0.346939        50.7947
0.387755        53.223
0.428571        55.7402
0.469388        58.3888
0.510204        61.1264
0.55102        63.9454
0.591837        66.8464
0.632653        69.8397
0.673469        72.9153
0.714286        76.0646
0.755102        79.2904
0.795918        82.5964
0.836735        85.9887
0.877551        89.4777
0.918367        93.0919
0.959184        96.8354
1        100.744

W=1755.83
-1        6.11823
-0.959184        5.84506
-0.918367        5.97917
-0.877551        6.44185
-0.836735        7.19584
-0.795918        8.14385
-0.755102        9.23135
-0.714286        10.4133
-0.673469        11.6518
-0.632653        12.9176
-0.591837        14.1874
-0.55102        15.438
-0.510204        16.662
-0.469388        17.8571
-0.428571        19.0193
-0.387755        20.1388
-0.346939        21.2369
-0.306122        22.3169
-0.265306        23.3817
-0.22449        24.4515
-0.183673        25.5283
-0.142857        26.6391
-0.102041        27.7887
-0.0612245        28.9712
-0.0204082        30.2476
0.0204082        31.5863
0.0612245        32.9871
0.102041        34.5291
0.142857        36.147
0.183673        37.8584
0.22449        39.729
0.265306        41.6892
0.306122        43.757
0.346939        45.9948
0.387755        48.3332
0.428571        50.7784
0.469388        53.3913
0.510204        56.1284
0.55102        58.9859
0.591837        61.9736
0.632653        65.1247
0.673469        68.442
0.714286        71.9251
0.755102        75.5962
0.795918        79.4813
0.836735        83.6099
0.877551        88.0199
0.918367        92.7974
0.959184        97.9507
1        103.571

W=1772.06
-1        9.79783
-0.959184        8.5493
-0.918367        7.81123
-0.877551        7.53215
-0.836735        7.67498
-0.795918        8.11283
-0.755102        8.77685
-0.714286        9.60933
-0.673469        10.56
-0.632653        11.5885
-0.591837        12.6659
-0.55102        13.7605
-0.510204        14.8511
-0.469388        15.93
-0.428571        16.9896
-0.387755        18.0163
-0.346939        19.0234
-0.306122        20.0132
-0.265306        20.9831
-0.22449        21.9516
-0.183673        22.921
-0.142857        23.9102
-0.102041        24.927
-0.0612245        25.9676
-0.0204082        27.0813
0.0204082        28.2459
0.0612245        29.4615
0.102041        30.7972
0.142857        32.1997
0.183673        33.6848
0.22449        35.3159
0.265306        37.0326
0.306122        38.8526
0.346939        40.8459
0.387755        42.948
0.428571        45.1681
0.469388        47.587
0.510204        50.1675
0.55102        52.9129
0.591837        55.8461
0.632653        59.0335
0.673469        62.4989
0.714286        66.256
0.755102        70.3557
0.795918        74.8564
0.836735        79.822
0.877551        85.3301
0.918367        91.5479
0.959184        98.4886
1        106.321

W=1788.29
-1        13.5587
-0.959184        11.3296
-0.918367        9.71198
-0.877551        8.68278
-0.836735        8.20579
-0.795918        8.12514
-0.755102        8.35809
-0.714286        8.83459
-0.673469        9.49226
-0.632653        10.2796
-0.591837        11.1624
-0.55102        12.1004
-0.510204        13.0585
-0.469388        14.023
-0.428571        14.9831
-0.387755        15.9212
-0.346939        16.842
-0.306122        17.7465
-0.265306        18.6266
-0.22449        19.4985
-0.183673        20.3651
-0.142857        21.236
-0.102041        22.1224
-0.0612245        23.0226
-0.0204082        23.9727
0.0204082        24.9609
0.0612245        25.9874
0.102041        27.1099
0.142857        28.2885
0.183673        29.5368
0.22449        30.915
0.265306        32.373
0.306122        33.9284
0.346939        35.6578
0.387755        37.5034
0.428571        39.4769
0.469388        41.6799
0.510204        44.0817
0.55102        46.6936
0.591837        49.5523
0.632653        52.7585
0.673469        56.3579
0.714286        60.3794
0.755102        64.9037
0.795918        70.0232
0.836735        75.8372
0.877551        82.4647
0.918367        90.1574
0.959184        98.9332
1        109.041

W=1804.52
-1        16.873
-0.959184        13.8761
-0.918367        11.544
-0.877551        9.88356
-0.836735        8.86418
-0.795918        8.31432
-0.755102        8.14471
-0.714286        8.27918
-0.673469        8.64847
-0.632653        9.19421
-0.591837        9.88028
-0.55102        10.6614
-0.510204        11.4901
-0.469388        12.3478
-0.428571        13.2212
-0.387755        14.0916
-0.346939        14.9523
-0.306122        15.8024
-0.265306        16.6311
-0.22449        17.4485
-0.183673        18.2574
-0.142857        19.0588
-0.102041        19.8644
-0.0612245        20.6744
-0.0204082        21.5096
0.0204082        22.3682
0.0612245        23.2502
0.102041        24.1975
0.142857        25.1862
0.183673        26.2264
0.22449        27.3705
0.265306        28.5829
0.306122        29.8794
0.346939        31.3385
0.387755        32.9135
0.428571        34.6184
0.469388        36.5702
0.510204        38.7486
0.55102        41.1728
0.591837        43.8925
0.632653        47.0405
0.673469        50.685
0.714286        54.8701
0.755102        59.7055
0.795918        65.3165
0.836735        71.8368
0.877551        79.425
0.918367        88.4128
0.959184        98.8235
1        110.981

W=1820.75
-1        19.8616
-0.959184        16.2332
-0.918367        13.2931
-0.877551        11.0788
-0.836735        9.56762
-0.795918        8.58072
-0.755102        8.02678
-0.714286        7.82722
-0.673469        7.90921
-0.632653        8.21013
-0.591837        8.69395
-0.55102        9.31265
-0.510204        10.0079
-0.469388        10.7565
-0.428571        11.5436
-0.387755        12.3511
-0.346939        13.1592
-0.306122        13.9657
-0.265306        14.7582
-0.22449        15.539
-0.183673        16.3101
-0.142857        17.0652
-0.102041        17.8147
-0.0612245        18.56
-0.0204082        19.3069
0.0204082        20.0622
0.0612245        20.8257
0.102041        21.6222
0.142857        22.4438
0.183673        23.2971
0.22449        24.2242
0.265306        25.2053
0.306122        26.2541
0.346939        27.4479
0.387755        28.7533
0.428571        30.1861
0.469388        31.8754
0.510204        33.8124
0.55102        36.0242
0.591837        38.5728
0.632653        41.6203
0.673469        45.2568
0.714286        49.5414
0.755102        54.6112
0.795918        60.6226
0.836735        67.742
0.877551        76.1653
0.918367        86.2994
0.959184        98.1728
1        112.18

W=1836.98
-1        21.8419
-0.959184        17.8805
-0.918367        14.5934
-0.877551        12.0419
-0.836735        10.2124
-0.795918        8.92875
-0.755102        8.10266
-0.714286        7.65756
-0.673469        7.52122
-0.632653        7.63049
-0.591837        7.95129
-0.55102        8.4359
-0.510204        9.01935
-0.469388        9.67574
-0.428571        10.3897
-0.387755        11.1455
-0.346939        11.9129
-0.306122        12.688
-0.265306        13.4603
-0.22449        14.224
-0.183673        14.9802
-0.142857        15.7194
-0.102041        16.4485
-0.0612245        17.1698
-0.0204082        17.8798
0.0204082        18.5889
0.0612245        19.297
0.102041        20.017
0.142857        20.7508
0.183673        21.5025
0.22449        22.3064
0.265306        23.1532
0.306122        24.0549
0.346939        25.0862
0.387755        26.2236
0.428571        27.4841
0.469388        29.0025
0.510204        30.779
0.55102        32.846
0.591837        35.2734
0.632653        38.2421
0.673469        41.8573
0.714286        46.1889
0.755102        51.3926
0.795918        57.6459
0.836735        65.1379
0.877551        74.0902
0.918367        84.9612
0.959184        97.7841
1        113.002

W=1853.21
-1        23.458
-0.959184        19.2866
-0.918367        15.7509
-0.877551        12.9362
-0.836735        10.8394
-0.795918        9.29385
-0.755102        8.2176
-0.714286        7.53883
-0.673469        7.18832
-0.632653        7.10437
-0.591837        7.25608
-0.55102        7.59746
-0.510204        8.0585
-0.469388        8.61123
-0.428571        9.24022
-0.387755        9.93321
-0.346939        10.6495
-0.306122        11.3838
-0.265306        12.1285
-0.22449        12.8697
-0.183673        13.6069
-0.142857        14.3292
-0.102041        15.0394
-0.0612245        15.7397
-0.0204082        16.4197
0.0204082        17.0917
0.0612245        17.7556
0.102041        18.4137
0.142857        19.0761
0.183673        19.7446
0.22449        20.4457
0.265306        21.1794
0.306122        21.956
0.346939        22.8463
0.387755        23.8364
0.428571        24.9434
0.469388        26.3058
0.510204        27.9317
0.55102        29.8581
0.591837        32.1613
0.632653        35.0374
0.673469        38.6044
0.714286        42.9419
0.755102        48.2215
0.795918        54.6391
0.836735        62.4031
0.877551        71.7581
0.918367        83.2065
0.959184        96.7867
1        112.984

W=1869.44
-1        24.7239
-0.959184        20.4547
-0.918367        16.7627
-0.877551        13.7565
-0.836735        11.4446
-0.795918        9.67532
-0.755102        8.37577
-0.714286        7.48113
-0.673469        6.92713
-0.632653        6.65514
-0.591837        6.63833
-0.55102        6.83369
-0.510204        7.16755
-0.469388        7.61055
-0.428571        8.14759
-0.387755        8.77043
-0.346939        9.42859
-0.306122        10.1155
-0.265306        10.8275
-0.22449        11.5421
-0.183673        12.2577
-0.142857        12.963
-0.102041        13.6562
-0.0612245        14.3392
-0.0204082        14.9967
0.0204082        15.6412
0.0612245        16.2725
0.102041        16.8846
0.142857        17.4932
0.183673        18.0984
0.22449        18.7195
0.265306        19.3641
0.306122        20.0408
0.346939        20.8161
0.387755        21.684
0.428571        22.6621
0.469388        23.8898
0.510204        25.3823
0.55102        27.1804
0.591837        29.3652
0.632653        32.1443
0.673469        35.6467
0.714286        39.9602
0.755102        45.2696
0.795918        51.7864
0.836735        59.7354
0.877551        69.3805
0.918367        81.2614
0.959184        95.4222
1        112.384

W=1885.67
-1        25.7724
-0.959184        21.4583
-0.918367        17.6598
-0.877551        14.5066
-0.836735        12.0194
-0.795918        10.062
-0.755102        8.5711
-0.714286        7.48906
-0.673469        6.7568
-0.632653        6.319
-0.591837        6.15279
-0.55102        6.21808
-0.510204        6.43827
-0.469388        6.78285
-0.428571        7.23709
-0.387755        7.79642
-0.346939        8.40176
-0.306122        9.04551
-0.265306        9.72745
-0.22449        10.4181
-0.183673        11.1142
-0.142857        11.8053
-0.102041        12.4849
-0.0612245        13.1546
-0.0204082        13.7959
0.0204082        14.4207
0.0612245        15.029
0.102041        15.6082
0.142857        16.1781
0.183673        16.7373
0.22449        17.2995
0.265306        17.8781
0.306122        18.4802
0.346939        19.1685
0.387755        19.9435
0.428571        20.8228
0.469388        21.9463
0.510204        23.3351
0.55102        25.0331
0.591837        27.1252
0.632653        29.8284
0.673469        33.2813
0.714286        37.5787
0.755102        42.917
0.795918        49.5208
0.836735        57.6301
0.877551        67.5255
0.918367        79.7797
0.959184        94.4424
1        112.067

W=1901.9
-1        26.5089
-0.959184        22.2259
-0.918367        18.3921
-0.877551        15.1562
-0.836735        12.5505
-0.795918        10.4561
-0.755102        8.81972
-0.714286        7.59111
-0.673469        6.71679
-0.632653        6.14507
-0.591837        5.85687
-0.55102        5.81499
-0.510204        5.94088
-0.469388        6.20327
-0.428571        6.58784
-0.387755        7.09316
-0.346939        7.65331
-0.306122        8.25984
-0.265306        8.91585
-0.22449        9.58604
-0.183673        10.266
-0.142857        10.9466
-0.102041        11.6174
-0.0612245        12.2797
-0.0204082        12.9139
0.0204082        13.5303
0.0612245        14.1291
0.102041        14.6942
0.142857        15.247
0.183673        15.7851
0.22449        16.3189
0.265306        16.8645
0.306122        17.4282
0.346939        18.0698
0.387755        18.7937
0.428571        19.6175
0.469388        20.6806
0.510204        22.0083
0.55102        23.6464
0.591837        25.6827
0.632653        28.3406
0.673469        31.7654
0.714286        36.058
0.755102        41.4237
0.795918        48.0976
0.836735        56.3315
0.877551        66.4202
0.918367        78.9626
0.959184        94.0143
1        112.155

W=1918.12
-1        27.0288
-0.959184        22.85
-0.918367        19.0361
-0.877551        15.7566
-0.836735        13.0577
-0.795918        10.8425
-0.755102        9.07028
-0.714286        7.70008
-0.673469        6.68544
-0.632653        5.97933
-0.591837        5.56703
-0.55102        5.41484
-0.510204        5.44268
-0.469388        5.61866
-0.428571        5.92894
-0.387755        6.37519
-0.346939        6.88491
-0.306122        7.44878
-0.265306        8.07326
-0.22449        8.71744
-0.183673        9.37581
-0.142857        10.0407
-0.102041        10.6982
-0.0612245        11.349
-0.0204082        11.9733
0.0204082        12.5796
0.0612245        13.1678
0.102041        13.7198
0.142857        14.2572
0.183673        14.7774
0.22449        15.2872
0.265306        15.8051
0.306122        16.3364
0.346939        16.9375
0.387755        17.6162
0.428571        18.39
0.469388        19.3964
0.510204        20.6644
0.55102        22.2416
0.591837        24.2176
0.632653        26.8207
0.673469        30.2026
0.714286        34.4699
0.755102        39.8356
0.795918        46.5452
0.836735        54.8615
0.877551        65.093
0.918367        77.8635
0.959184        93.2353
1        111.814

W=1934.35
-1        27.0124
-0.959184        23.1477
-0.918367        19.5016
-0.877551        16.2714
-0.836735        13.5258
-0.795918        11.2066
-0.755102        9.29412
-0.714286        7.76369
-0.673469        6.58101
-0.632653        5.70752
-0.591837        5.13543
-0.55102        4.8368
-0.510204        4.73122
-0.469388        4.78652
-0.428571        4.9897
-0.387755        5.34633
-0.346939        5.77642
-0.306122        6.26977
-0.265306        6.83693
-0.22449        7.43062
-0.183673        8.04401
-0.142857        8.6721
-0.102041        9.29659
-0.0612245        9.91747
-0.0204082        10.5163
0.0204082        11.0983
0.0612245        11.6635
0.102041        12.1928
0.142857        12.7066
0.183673        13.2017
0.22449        13.6816
0.265306        14.1657
0.306122        14.6581
0.346939        15.2097
0.387755        15.8312
0.428571        16.5393
0.469388        17.4657
0.510204        18.6429
0.55102        20.1197
0.591837        21.9861
0.632653        24.4713
0.673469        27.7328
0.714286        31.8828
0.755102        37.1416
0.795918        43.7636
0.836735        52.0232
0.877551        62.2422
0.918367        75.0685
0.959184        90.5736
1        109.388

W=1950.58
-1        27.0399
-0.959184        23.4158
-0.918367        19.9
-0.877551        16.7128
-0.836735        13.9414
-0.795918        11.5568
-0.755102        9.55546
-0.714286        7.9246
-0.673469        6.63859
-0.632653        5.66452
-0.591837        4.99915
-0.55102        4.61791
-0.510204        4.43917
-0.469388        4.43012
-0.428571        4.57791
-0.387755        4.88971
-0.346939        5.28056
-0.306122        5.73965
-0.265306        6.27928
-0.22449        6.84871
-0.183673        7.44048
-0.142857        8.05095
-0.102041        8.65997
-0.0612245        9.26713
-0.0204082        9.85552
0.0204082        10.4287
0.0612245        10.9867
0.102041        11.5112
0.142857        12.0209
0.183673        12.5128
0.22449        12.9893
0.265306        13.4689
0.306122        13.9554
0.346939        14.4967
0.387755        15.1044
0.428571        15.7948
0.469388        16.6961
0.510204        17.8429
0.55102        19.2849
0.591837        21.1128
0.632653        23.5581
0.673469        26.7833
0.714286        30.906
0.755102        36.1534
0.795918        42.7893
0.836735        51.0987
0.877551        61.417
0.918367        74.4154
0.959184        90.1741
1        109.348

W=1966.81
-1        26.7627
-0.959184        23.5013
-0.918367        20.2001
-0.877551        17.1076
-0.836735        14.3343
-0.795918        11.8911
-0.755102        9.79555
-0.714286        8.05098
-0.673469        6.64352
-0.632653        5.54815
-0.591837        4.76775
-0.55102        4.28239
-0.510204        4.00977
-0.469388        3.91655
-0.428571        3.99022
-0.387755        4.23992
-0.346939        4.57511
-0.306122        4.98426
-0.265306        5.48176
-0.22449        6.01298
-0.183673        6.56972
-0.142857        7.15013
-0.102041        7.7319
-0.0612245        8.31413
-0.0204082        8.8822
0.0204082        9.43735
0.0612245        9.97958
0.102041        10.4921
0.142857        10.991
0.183673        11.4734
0.22449        11.9405
0.265306        12.4094
0.306122        12.8834
0.346939        13.4057
0.387755        13.9891
0.428571        14.649
0.469388        15.5077
0.510204        16.6022
0.55102        17.9828
0.591837        19.74
0.632653        22.1056
0.673469        25.2474
0.714286        29.2884
0.755102        34.463
0.795918        41.0439
0.836735        49.3278
0.877551        59.6637
0.918367        72.7473
0.959184        88.6685
1        108.108

W=1983.04
-1        26.4838
-0.959184        23.5555
-0.918367        20.4542
-0.877551        17.4545
-0.836735        14.6893
-0.795918        12.2054
-0.755102        10.0397
-0.714286        8.20974
-0.673469        6.71184
-0.632653        5.5276
-0.591837        4.66493
-0.55102        4.10731
-0.510204        3.77118
-0.469388        3.62242
-0.428571        3.64843
-0.387755        3.8591
-0.346939        4.15942
-0.306122        4.5373
-0.265306        5.00785
-0.22449        5.51406
-0.183673        6.04736
-0.142857        6.60686
-0.102041        7.16947
-0.0612245        7.73402
-0.0204082        8.28809
0.0204082        8.8315
0.0612245        9.36425
0.102041        9.87168
0.142857        10.3674
0.183673        10.8488
0.22449        11.3166
0.265306        11.7861
0.306122        12.2601
0.346939        12.7787
0.387755        13.3543
0.428571        14.0018
0.469388        14.8391
0.510204        15.9047
0.55102        17.2495
0.591837        18.9645
0.632653        21.2825
0.673469        24.3767
0.714286        28.3762
0.755102        33.5225
0.795918        40.0985
0.836735        48.4125
0.877551        58.828
0.918367        72.0662
0.959184        88.2261
1        108.014

W=1999.27
-1        25.932
-0.959184        23.4309
-0.918367        20.597
-0.877551        17.7347
-0.836735        15.004
-0.795918        12.4942
-0.755102        10.2657
-0.714286        8.35305
-0.673469        6.76462
-0.632653        5.49002
-0.591837        4.54295
-0.55102        3.91083
-0.510204        3.50896
-0.469388        3.30238
-0.428571        3.27832
-0.387755        3.44704
-0.346939        3.7091
-0.306122        4.05186
-0.265306        4.49069
-0.22449        4.96657
-0.183673        5.47073
-0.142857        6.00313
-0.102041        6.54044
-0.0612245        7.08118
-0.0204082        7.61576
0.0204082        8.14253
0.0612245        8.66149
0.102041        9.16106
0.142857        9.6514
0.183673        10.1305
0.22449        10.5987
0.265306        11.0687
0.306122        11.5429
0.346939        12.057
0.387755        12.6233
0.428571        13.2557
0.469388        14.0659
0.510204        15.094
0.55102        16.3915
0.591837        18.049
0.632653        20.2999
0.673469        23.3228
0.714286        27.2533
0.755102        32.3407
0.795918        38.8784
0.836735        47.1877
0.877551        57.6477
0.918367        71.0057
0.959184        87.3714
1        107.478

W=2015.5
-1        24.8841
-0.959184        22.967
-0.918367        20.5149
-0.877551        17.8684
-0.836735        15.2213
-0.795918        12.7177
-0.755102        10.4472
-0.714286        8.46553
-0.673469        6.79649
-0.632653        5.43941
-0.591837        4.41483
-0.55102        3.71453
-0.510204        3.25263
-0.469388        2.99315
-0.428571        2.92289
-0.387755        3.05137
-0.346939        3.27523
-0.306122        3.5813
-0.265306        3.98405
-0.22449        4.42374
-0.183673        4.89168
-0.142857        5.38845
-0.102041        5.89172
-0.0612245        6.39984
-0.0204082        6.90715
0.0204082        7.41059
0.0612245        7.91018
0.102041        8.39901
0.142857        8.88242
0.183673        9.35918
0.22449        9.82949
0.265306        10.3019
0.306122        10.7784
0.346939        11.2885
0.387755        11.8441
0.428571        12.4576
0.469388        13.2313
0.510204        14.2076
0.55102        15.4386
0.591837        17.0141
0.632653        19.1665
0.673469        22.0815
0.714286        25.9025
0.755102        30.8879
0.795918        37.3434
0.836735        45.6052
0.877551        56.0697
0.918367        69.5134
0.959184        86.0563
1        106.458

W=2031.73
-1        23.8836
-0.959184        22.523
-0.918367        20.4347
-0.877551        17.9941
-0.836735        15.4275
-0.795918        12.9315
-0.755102        10.6235
-0.714286        8.57949
-0.673469        6.83765
-0.632653        5.40648
-0.591837        4.31283
-0.55102        3.55241
-0.510204        3.03799
-0.469388        2.73254
-0.428571        2.62231
-0.387755        2.71586
-0.346939        2.90626
-0.306122        3.17993
-0.265306        3.5502
-0.22449        3.957
-0.183673        4.3918
-0.142857        4.85574
-0.102041        5.32771
-0.0612245        5.80591
-0.0204082        6.28859
0.0204082        6.77137
0.0612245        7.25424
0.102041        7.7349
0.142857        8.21387
0.183673        8.6907
0.22449        9.16528
0.265306        9.64218
0.306122        10.1228
0.346939        10.6307
0.387755        11.1772
0.428571        11.7735
0.469388        12.5128
0.510204        13.4402
0.55102        14.6082
0.591837        16.1062
0.632653        18.1667
0.673469        20.9825
0.714286        24.7052
0.755102        29.6026
0.795918        35.9929
0.836735        44.2268
0.877551        54.718
0.918367        68.2707
0.959184        85.0136
1        105.73

W=2047.96
-1        22.9697
-0.959184        22.1155
-0.918367        20.3579
-0.877551        18.1048
-0.836735        15.6134
-0.795918        13.1275
-0.755102        10.7904
-0.714286        8.69616
-0.673469        6.89583
-0.632653        5.40591
-0.591837        4.25869
-0.55102        3.45291
-0.510204        2.89976
-0.469388        2.56102
-0.428571        2.42225
-0.387755        2.49058
-0.346939        2.65627
-0.306122        2.90535
-0.265306        3.24975
-0.22449        3.62972
-0.183673        4.037
-0.142857        4.47326
-0.102041        4.91896
-0.0612245        5.37215
-0.0204082        5.8351
0.0204082        6.30207
0.0612245        6.77307
0.102041        7.25029
0.142857        7.72941
0.183673        8.21072
0.22449        8.69357
0.265306        9.17869
0.306122        9.66688
0.346939        10.1757
0.387755        10.7161
0.428571        11.2984
0.469388        12.0072
0.510204        12.8905
0.55102        14.002
0.591837        15.4311
0.632653        17.4117
0.673469        20.1444
0.714286        23.7894
0.755102        28.6245
0.795918        34.9805
0.836735        43.2227
0.877551        53.7809
0.918367        67.4856
0.959184        84.4704
1        105.538

W=2064.19
-1        21.9612
-0.959184        21.6297
-0.918367        20.2166
-0.877551        18.1625
-0.836735        15.7559
-0.795918        13.289
-0.755102        10.9308
-0.714286        8.79386
-0.673469        6.94204
-0.632653        5.39977
-0.591837        4.20461
-0.55102        3.35808
-0.510204        2.76983
-0.469388        2.40048
-0.428571        2.23482
-0.387755        2.27818
-0.346939        2.41864
-0.306122        2.64196
-0.265306        2.95846
-0.22449        3.30933
-0.183673        3.6867
-0.142857        4.09306
-0.102041        4.51067
-0.0612245        4.93739
-0.0204082        5.38012
0.0204082        5.83139
0.0612245        6.2912
0.102041        6.76658
0.142857        7.2477
0.183673        7.7356
0.22449        8.22867
0.265306        8.72355
0.306122        9.2203
0.346939        9.72935
0.387755        10.2621
0.428571        10.8272
0.469388        11.5002
0.510204        12.3325
0.55102        13.3791
0.591837        14.7297
0.632653        16.6196
0.673469        19.2581
0.714286        22.8141
0.755102        27.5757
0.795918        33.8861
0.836735        42.1247
0.877551        52.7358
0.918367        66.5728
0.959184        83.7707
1        105.144

W=2080.42
-1        20.7513
-0.959184        20.9773
-0.918367        19.9379
-0.877551        18.1072
-0.836735        15.806
-0.795918        13.3768
-0.755102        11.0147
-0.714286        8.85117
-0.673469        6.96275
-0.632653        5.38177
-0.591837        4.15065
-0.55102        3.27318
-0.510204        2.65758
-0.469388        2.26334
-0.428571        2.07427
-0.387755        2.0932
-0.346939        2.20734
-0.306122        2.40236
-0.265306        2.68664
-0.22449        3.00362
-0.183673        3.346
-0.142857        3.71774
-0.102041        4.10338
-0.0612245        4.50046
-0.0204082        4.92198
0.0204082        5.35777
0.0612245        5.80783
0.102041        6.28479
0.142857        6.77183
0.183673        7.27086
0.22449        7.77829
0.265306        8.2862
0.306122        8.79356
0.346939        9.30163
0.387755        9.82278
0.428571        10.3642
0.469388        10.99
0.510204        11.7566
0.55102        12.7206
0.591837        13.9723
0.632653        15.7488
0.673469        18.2692
0.714286        21.7122
0.755102        26.3763
0.795918        32.6173
0.836735        40.8268
0.877551        51.4609
0.918367        65.3886
0.959184        82.7381
1        104.321

W=2096.65
-1        19.5413
-0.959184        20.3248
-0.918367        19.6592
-0.877551        18.0519
-0.836735        15.8562
-0.795918        13.4646
-0.755102        11.0987
-0.714286        8.90848
-0.673469        6.98345
-0.632653        5.36376
-0.591837        4.09669
-0.55102        3.18829
-0.510204        2.54534
-0.469388        2.12619
-0.428571        1.91372
-0.387755        1.90822
-0.346939        1.99604
-0.306122        2.16275
-0.265306        2.41482
-0.22449        2.69792
-0.183673        3.0053
-0.142857        3.34242
-0.102041        3.69609
-0.0612245        4.06354
-0.0204082        4.46384
0.0204082        4.88416
0.0612245        5.32447
0.102041        5.803
0.142857        6.29597
0.183673        6.80611
0.22449        7.32791
0.265306        7.84884
0.306122        8.36682
0.346939        8.87391
0.387755        9.38351
0.428571        9.90121
0.469388        10.4798
0.510204        11.1807
0.55102        12.0622
0.591837        13.215
0.632653        14.8779
0.673469        17.2803
0.714286        20.6103
0.755102        25.177
0.795918        31.3485
0.836735        39.5289
0.877551        50.186
0.918367        64.2044
0.959184        81.7055
1        103.498

W=2112.88
-1        18.3312
-0.959184        19.6157
-0.918367        19.2899
-0.877551        17.8913
-0.836735        15.8025
-0.795918        13.46
-0.755102        11.108
-0.714286        8.9123
-0.673469        6.97288
-0.632653        5.33594
-0.591837        4.05196
-0.55102        3.12783
-0.510204        2.46909
-0.469388        2.03306
-0.428571        1.80151
-0.387755        1.7716
-0.346939        1.83103
-0.306122        1.96561
-0.265306        2.18007
-0.22449        2.42401
-0.183673        2.69137
-0.142857        2.99055
-0.102041        3.3107
-0.0612245        3.64844
-0.0204082        4.03094
0.0204082        4.44084
0.0612245        4.87814
0.102041        5.3671
0.142857        5.87516
0.183673        6.40589
0.22449        6.95018
0.265306        7.49077
0.306122        8.024
0.346939        8.53031
0.387755        9.02568
0.428571        9.51385
0.469388        10.0347
0.510204        10.6565
0.55102        11.4399
0.591837        12.4766
0.632653        14.0079
0.673469        16.274
0.714286        19.4722
0.755102        23.9206
0.795918        29.9964
0.836735        38.1102
0.877551        48.7319
0.918367        62.7418
0.959184        80.2378
1        101.992

W=2129.1
-1        17.5165
-0.959184        19.1745
-0.918367        19.0961
-0.877551        17.844
-0.836735        15.8247
-0.795918        13.5086
-0.755102        11.1581
-0.714286        8.95111
-0.673469        6.99533
-0.632653        5.3414
-0.591837        4.04207
-0.55102        3.10448
-0.510204        2.4327
-0.469388        1.98307
-0.428571        1.73635
-0.387755        1.68706
-0.346939        1.72399
-0.306122        1.83315
-0.265306        2.01802
-0.22449        2.23139
-0.183673        2.46775
-0.142857        2.73826
-0.102041        3.03383
-0.0612245        3.35045
-0.0204082        3.72234
0.0204082        4.12799
0.0612245        4.5674
0.102041        5.06979
0.142857        5.59511
0.183673        6.14757
0.22449        6.71481
0.265306        7.27575
0.306122        7.82535
0.346939        8.33434
0.387755        8.82114
0.428571        9.28805
0.469388        9.76481
0.510204        10.3257
0.55102        11.034
0.591837        11.9825
0.632653        13.4161
0.673469        15.5845
0.714286        18.6932
0.755102        23.0684
0.795918        29.095
0.836735        37.189
0.877551        47.8212
0.918367        61.8669
0.959184        79.4014
1        101.163

W=2145.33
-1        16.7689
-0.959184        18.7648
-0.918367        18.9097
-0.877551        17.7898
-0.836735        15.8336
-0.795918        13.5426
-0.755102        11.1953
-0.714286        8.98049
-0.673469        7.01271
-0.632653        5.34631
-0.591837        4.03581
-0.55102        3.08812
-0.510204        2.40587
-0.469388        1.94448
-0.428571        1.68367
-0.387755        1.61528
-0.346939        1.62962
-0.306122        1.71297
-0.265306        1.8677
-0.22449        2.05007
-0.183673        2.2551
-0.142857        2.49701
-0.102041        2.76841
-0.0612245        3.06464
-0.0204082        3.42721
0.0204082        3.83016
0.0612245        4.27348
0.102041        4.79138
0.142857        5.33605
0.183673        5.91235
0.22449        6.50444
0.265306        7.08744
0.306122        7.65491
0.346939        8.16763
0.387755        8.64669
0.428571        9.09298
0.469388        9.526
0.510204        10.0265
0.55102        10.6599
0.591837        11.5206
0.632653        12.8567
0.673469        14.9273
0.714286        17.9451
0.755102        22.2434
0.795918        28.2135
0.836735        36.274
0.877551        46.8936
0.918367        60.9358
0.959184        78.4491
1        100.127

W=2161.56
-1        16.0402
-0.959184        18.3427
-0.918367        18.6916
-0.877551        17.6946
-0.836735        15.8
-0.795918        13.5374
-0.755102        11.1996
-0.714286        8.98464
-0.673469        7.01302
-0.632653        5.34199
-0.591837        4.02712
-0.55102        3.07457
-0.510204        2.38564
-0.469388        1.9149
-0.428571        1.64096
-0.387755        1.55275
-0.346939        1.543
-0.306122        1.59837
-0.265306        1.72016
-0.22449        1.86874
-0.183673        2.03973
-0.142857        2.25093
-0.102041        2.49668
-0.0612245        2.77156
-0.0204082        3.12518
0.0204082        3.52644
0.0612245        3.97533
0.102041        4.51136
0.142857        5.07825
0.183673        5.68154
0.22449        6.30148
0.265306        6.90923
0.306122        7.4968
0.346939        8.01429
0.387755        8.48582
0.428571        8.91072
0.469388        9.29764
0.510204        9.73407
0.55102        10.288
0.591837        11.0548
0.632653        12.2857
0.673469        14.2483
0.714286        17.162
0.755102        21.3654
0.795918        27.2534
0.836735        35.2439
0.877551        45.7972
0.918367        59.7544
0.959184        77.1292
1        98.5548

W=2177.79
-1        15.0723
-0.959184        17.6948
-0.918367        18.2669
-0.877551        17.4149
-0.836735        15.6063
-0.795918        13.3972
-0.755102        11.0935
-0.714286        8.90194
-0.673469        6.94794
-0.632653        5.29111
-0.591837        3.98722
-0.55102        3.04084
-0.510204        2.35238
-0.469388        1.87575
-0.428571        1.58831
-0.387755        1.47516
-0.346939        1.4337
-0.306122        1.45133
-0.265306        1.52803
-0.22449        1.63023
-0.183673        1.7544
-0.142857        1.92322
-0.102041        2.13333
-0.0612245        2.37828
-0.0204082        2.71828
0.0204082        3.1154
0.0612245        3.56964
0.102041        4.12732
0.142857        4.72114
0.183673        5.35752
0.22449        6.01178
0.265306        6.64992
0.306122        7.26197
0.346939        7.78447
0.387755        8.24521
0.428571        8.64154
0.469388        8.96771
0.510204        9.31928
0.55102        9.76659
0.591837        10.4057
0.632653        11.4885
0.673469        13.2905
0.714286        16.0364
0.755102        20.0669
0.795918        25.7742
0.836735        33.5674
0.877551        43.8859
0.918367        57.5214
0.959184        74.4352
1        95.1585

W=2194.02
-1        14.6271
-0.959184        17.4433
-0.918367        18.1434
-0.877551        17.3672
-0.836735        15.5959
-0.795918        13.4035
-0.755102        11.1053
-0.714286        8.91398
-0.673469        6.95855
-0.632653        5.30021
-0.591837        3.99505
-0.55102        3.04657
-0.510204        2.35402
-0.469388        1.87056
-0.428571        1.57267
-0.387755        1.4429
-0.346939        1.38101
-0.306122        1.37476
-0.265306        1.42332
-0.22449        1.49676
-0.183673        1.59206
-0.142857        1.73517
-0.102041        1.92416
-0.0612245        2.15189
-0.0204082        2.4858
0.0204082        2.88332
0.0612245        3.34446
0.102041        3.92034
0.142857        4.53613
0.183673        5.19887
0.22449        5.88073
0.265306        6.54407
0.306122        7.17766
0.346939        7.70908
0.387755        8.1685
0.428571        8.55193
0.469388        8.84443
0.510204        9.14711
0.55102        9.53216
0.591837        10.0964
0.632653        11.0935
0.673469        12.805
0.714286        15.4602
0.755102        19.402
0.795918        25.0228
0.836735        32.7265
0.877551        42.9405
0.918367        56.4255
0.959184        73.1074
1        93.4499

W=2210.25
-1        14.3172
-0.959184        17.2839
-0.918367        18.0824
-0.877551        17.3633
-0.836735        15.6182
-0.795918        13.4355
-0.755102        11.1382
-0.714286        8.94375
-0.673469        6.98421
-0.632653        5.32205
-0.591837        4.01367
-0.55102        3.06169
-0.510204        2.36428
-0.469388        1.87396
-0.428571        1.56638
-0.387755        1.42203
-0.346939        1.34245
-0.306122        1.31571
-0.265306        1.34031
-0.22449        1.3893
-0.183673        1.46011
-0.142857        1.58152
-0.102041        1.75279
-0.0612245        1.96622
-0.0204082        2.29549
0.0204082        2.69408
0.0612245        3.16201
0.102041        3.75468
0.142857        4.39067
0.183673        5.07762
0.22449        5.78511
0.265306        6.47221
0.306122        7.12663
0.346939        7.6683
0.387755        8.12924
0.428571        8.50434
0.469388        8.7707
0.510204        9.03408
0.55102        9.36826
0.591837        9.87065
0.632653        10.7963
0.673469        12.432
0.714286        15.0108
0.755102        18.8774
0.795918        24.4239
0.836735        32.0498
0.877551        42.1707
0.918367        55.5199
0.959184        71.991
1        91.9876

W=2226.48
-1        13.886
-0.959184        16.9669
-0.918367        17.8559
-0.877551        17.2041
-0.836735        15.5059
-0.795918        13.3573
-0.755102        11.085
-0.714286        8.90932
-0.673469        6.96403
-0.632653        5.31265
-0.591837        4.0115
-0.55102        3.06251
-0.510204        2.36392
-0.469388        1.86811
-0.428571        1.55016
-0.387755        1.38848
-0.346939        1.28754
-0.306122        1.23586
-0.265306        1.23117
-0.22449        1.25016
-0.183673        1.29073
-0.142857        1.38465
-0.102041        1.53264
-0.0612245        1.72635
-0.0204082        2.04628
0.0204082        2.44177
0.0612245        2.91281
0.102041        3.51987
0.142857        4.1743
0.183673        4.88446
0.22449        5.61772
0.265306        6.32915
0.306122        7.00541
0.346939        7.55831
0.387755        8.02114
0.428571        8.38745
0.469388        8.62451
0.510204        8.84204
0.55102        9.11453
0.591837        9.53861
0.632653        10.367
0.673469        11.8888
0.714286        14.3386
0.755102        18.0584
0.795918        23.4344
0.836735        30.8549
0.877551        40.7153
0.918367        53.7036
0.959184        69.6744
1        88.9492

W=2242.71
-1        13.4547
-0.959184        16.65
-0.918367        17.6294
-0.877551        17.0448
-0.836735        15.3937
-0.795918        13.2792
-0.755102        11.0318
-0.714286        8.87488
-0.673469        6.94386
-0.632653        5.30325
-0.591837        4.00934
-0.55102        3.06333
-0.510204        2.36356
-0.469388        1.86226
-0.428571        1.53394
-0.387755        1.35492
-0.346939        1.23264
-0.306122        1.156
-0.265306        1.12204
-0.22449        1.11102
-0.183673        1.12135
-0.142857        1.18778
-0.102041        1.31249
-0.0612245        1.48648
-0.0204082        1.79708
0.0204082        2.18945
0.0612245        2.66361
0.102041        3.28506
0.142857        3.95792
0.183673        4.6913
0.22449        5.45034
0.265306        6.18609
0.306122        6.8842
0.346939        7.44831
0.387755        7.91304
0.428571        8.27055
0.469388        8.47833
0.510204        8.65
0.55102        8.86081
0.591837        9.20656
0.632653        9.93762
0.673469        11.3457
0.714286        13.6664
0.755102        17.2394
0.795918        22.4449
0.836735        29.66
0.877551        39.2599
0.918367        51.8872
0.959184        67.3579
1        85.9108

W=2258.94
-1        13.3461
-0.959184        16.6012
-0.918367        17.6261
-0.877551        17.0721
-0.836735        15.438
-0.795918        13.3315
-0.755102        11.0859
-0.714286        8.92677
-0.673469        6.99127
-0.632653        5.34501
-0.591837        4.04485
-0.55102        3.09209
-0.510204        2.38489
-0.469388        1.87527
-0.428571        1.53745
-0.387755        1.34681
-0.346939        1.21151
-0.306122        1.1206
-0.265306        1.07078
-0.22449        1.04375
-0.183673        1.03816
-0.142857        1.09043
-0.102041        1.20342
-0.0612245        1.36778
-0.0204082        1.67486
0.0204082        2.06749
0.0612245        2.54567
0.102041        3.1782
0.142857        3.86482
0.183673        4.61515
0.22449        5.39335
0.265306        6.14778
0.306122        6.86352
0.346939        7.43951
0.387755        7.9108
0.428571        8.26873
0.469388        8.46494
0.510204        8.61536
0.55102        8.79577
0.591837        9.10169
0.632653        9.7828
0.673469        11.1332
0.714286        13.3903
0.755102        16.8939
0.795918        22.023
0.836735        29.1502
0.877551        38.6421
0.918367        51.1202
0.959184        66.3791
1        84.6148

W=2275.17
-1        13.1213
-0.959184        16.3485
-0.918367        17.3938
-0.877551        16.8846
-0.836735        15.3035
-0.795918        13.2466
-0.755102        11.0424
-0.714286        8.91442
-0.673469        6.99976
-0.632653        5.36517
-0.591837        4.06822
-0.55102        3.112
-0.510204        2.39731
-0.469388        1.87722
-0.428571        1.52657
-0.387755        1.32118
-0.346939        1.17038
-0.306122        1.06339
-0.265306        0.997025
-0.22449        0.953605
-0.183673        0.931828
-0.142857        0.969
-0.102041        1.06829
-0.0612245        1.22017
-0.0204082        1.51847
0.0204082        1.90486
0.0612245        2.37934
0.102041        3.01368
0.142857        3.70467
0.183673        4.46246
0.22449        5.2517
0.265306        6.01798
0.306122        6.74628
0.346939        7.33234
0.387755        7.81002
0.428571        8.16975
0.469388        8.3565
0.510204        8.48571
0.55102        8.63194
0.591837        8.8879
0.632653        9.49647
0.673469        10.749
0.714286        12.8812
0.755102        16.2275
0.795918        21.1603
0.836735        28.0434
0.877551        37.2307
0.918367        49.3152
0.959184        64.0771
1        81.6698

W=2291.4
-1        12.896
-0.959184        16.0948
-0.918367        17.1606
-0.877551        16.6962
-0.836735        15.1681
-0.795918        13.1611
-0.755102        10.9986
-0.714286        8.90179
-0.673469        7.00808
-0.632653        5.38522
-0.591837        4.09153
-0.55102        3.13186
-0.510204        2.40968
-0.469388        1.87912
-0.428571        1.51562
-0.387755        1.29547
-0.346939        1.12917
-0.306122        1.00607
-0.265306        0.923168
-0.22449        0.863346
-0.183673        0.825374
-0.142857        0.847441
-0.102041        0.93303
-0.0612245        1.0724
-0.0204082        1.36191
0.0204082        1.74203
0.0612245        2.21278
0.102041        2.8489
0.142857        3.54421
0.183673        4.30944
0.22449        5.10967
0.265306        5.8878
0.306122        6.62864
0.346939        7.22475
0.387755        7.70882
0.428571        8.07036
0.469388        8.24764
0.510204        8.35564
0.55102        8.46766
0.591837        8.67361
0.632653        9.20953
0.673469        10.3639
0.714286        12.371
0.755102        15.5598
0.795918        20.2958
0.836735        26.9341
0.877551        35.8158
0.918367        47.5058
0.959184        61.7696
1        78.7178

W=2307.62
-1        12.692
-0.959184        15.8561
-0.918367        16.9383
-0.877551        16.5169
-0.836735        15.0411
-0.795918        13.0834
-0.755102        10.962
-0.714286        8.89587
-0.673469        7.02227
-0.632653        5.41014
-0.591837        4.11864
-0.55102        3.15454
-0.510204        2.4241
-0.469388        1.88255
-0.428571        1.506
-0.387755        1.27141
-0.346939        1.09024
-0.306122        0.951979
-0.265306        0.853823
-0.22449        0.778999
-0.183673        0.726292
-0.142857        0.73463
-0.102041        0.807686
-0.0612245        0.93555
-0.0204082        1.21672
0.0204082        1.59074
0.0612245        2.0576
0.102041        2.69479
0.142857        3.39355
0.183673        4.16511
0.22449        4.97519
0.265306        5.76409
0.306122        6.51655
0.346939        7.12235
0.387755        7.61287
0.428571        7.97675
0.469388        8.14595
0.510204        8.23475
0.55102        8.31513
0.591837        8.47415
0.632653        8.94104
0.673469        10.0014
0.714286        11.8877
0.755102        14.9241
0.795918        19.4695
0.836735        25.8711
0.877551        34.4586
0.918367        45.7715
0.959184        59.5631
1        75.9067

W=2323.85
-1        12.5893
-0.959184        15.6505
-0.918367        16.719
-0.877551        16.3345
-0.836735        14.9186
-0.795918        13.022
-0.755102        10.9523
-0.714286        8.92371
-0.673469        7.07281
-0.632653        5.46994
-0.591837        4.1758
-0.55102        3.2009
-0.510204        2.45613
-0.469388        1.8987
-0.428571        1.50633
-0.387755        1.25863
-0.346939        1.06667
-0.306122        0.919849
-0.265306        0.816565
-0.22449        0.737918
-0.183673        0.682315
-0.142857        0.688049
-0.102041        0.757783
-0.0612245        0.881708
-0.0204082        1.15701
0.0204082        1.52432
0.0612245        1.98362
0.102041        2.61287
0.142857        3.30426
0.183673        4.06925
0.22449        4.87555
0.265306        5.66254
0.306122        6.41543
0.346939        7.02473
0.387755        7.51942
0.428571        7.88768
0.469388        8.05808
0.510204        8.14158
0.55102        8.20778
0.591837        8.34012
0.632653        8.7593
0.673469        9.7457
0.714286        11.5292
0.755102        14.4291
0.795918        18.8006
0.836735        24.9887
0.877551        33.3227
0.918367        44.341
0.959184        57.8083
1        73.8057

W=2340.08
-1        12.4764
-0.959184        15.3984
-0.918367        16.4416
-0.877551        16.0983
-0.836735        14.7554
-0.795918        12.9348
-0.755102        10.9306
-0.714286        8.95055
-0.673469        7.12972
-0.632653        5.54004
-0.591837        4.24401
-0.55102        3.25691
-0.510204        2.49563
-0.469388        1.92001
-0.428571        1.5099
-0.387755        1.24872
-0.346939        1.0468
-0.306122        0.89336
-0.265306        0.788579
-0.22449        0.7103
-0.183673        0.656348
-0.142857        0.663748
-0.102041        0.733512
-0.0612245        0.856059
-0.0204082        1.12553
0.0204082        1.48463
0.0612245        1.93335
0.102041        2.54891
0.142857        3.2263
0.183673        3.977
0.22449        4.77144
0.265306        5.5489
0.306122        6.29527
0.346939        6.90354
0.387755        7.39964
0.428571        7.7715
0.469388        7.9453
0.510204        8.02721
0.55102        8.08374
0.591837        8.19391
0.632653        8.56816
0.673469        9.47964
0.714286        11.1548
0.755102        13.9073
0.795918        18.0884
0.836735        24.0432
0.877551        32.1048
0.918367        42.8198
0.959184        55.9763
1        71.6839

W=2356.31
-1        12.3635
-0.959184        15.1462
-0.918367        16.1643
-0.877551        15.862
-0.836735        14.5921
-0.795918        12.8475
-0.755102        10.9089
-0.714286        8.97739
-0.673469        7.18663
-0.632653        5.61014
-0.591837        4.31222
-0.55102        3.31292
-0.510204        2.53514
-0.469388        1.94133
-0.428571        1.51348
-0.387755        1.23881
-0.346939        1.02692
-0.306122        0.866871
-0.265306        0.760593
-0.22449        0.682683
-0.183673        0.630381
-0.142857        0.639446
-0.102041        0.709241
-0.0612245        0.83041
-0.0204082        1.09406
0.0204082        1.44494
0.0612245        1.88308
0.102041        2.48495
0.142857        3.14833
0.183673        3.88476
0.22449        4.66733
0.265306        5.43525
0.306122        6.17511
0.346939        6.78235
0.387755        7.27986
0.428571        7.65531
0.469388        7.83252
0.510204        7.91285
0.55102        7.9597
0.591837        8.04771
0.632653        8.37702
0.673469        9.21359
0.714286        10.7804
0.755102        13.3854
0.795918        17.3763
0.836735        23.0977
0.877551        30.8869
0.918367        41.2986
0.959184        54.1443
1        69.5621

W=2372.54
-1        12.2506
-0.959184        14.8941
-0.918367        15.8869
-0.877551        15.6258
-0.836735        14.4288
-0.795918        12.7603
-0.755102        10.8871
-0.714286        9.00423
-0.673469        7.24354
-0.632653        5.68023
-0.591837        4.38042
-0.55102        3.36893
-0.510204        2.57464
-0.469388        1.96265
-0.428571        1.51705
-0.387755        1.2289
-0.346939        1.00704
-0.306122        0.840383
-0.265306        0.732607
-0.22449        0.655065
-0.183673        0.604415
-0.142857        0.615145
-0.102041        0.684969
-0.0612245        0.804761
-0.0204082        1.06258
0.0204082        1.40526
0.0612245        1.8328
0.102041        2.42099
0.142857        3.07036
0.183673        3.79251
0.22449        4.56322
0.265306        5.3216
0.306122        6.05496
0.346939        6.66116
0.387755        7.16008
0.428571        7.53912
0.469388        7.71973
0.510204        7.79848
0.55102        7.83567
0.591837        7.90151
0.632653        8.18587
0.673469        8.94753
0.714286        10.4059
0.755102        12.8635
0.795918        16.6641
0.836735        22.1521
0.877551        29.6691
0.918367        39.7773
0.959184        52.3123
1        67.4403

W=2388.77
-1        12.1376
-0.959184        14.642
-0.918367        15.6095
-0.877551        15.3896
-0.836735        14.2656
-0.795918        12.673
-0.755102        10.8654
-0.714286        9.03107
-0.673469        7.30045
-0.632653        5.75033
-0.591837        4.44863
-0.55102        3.42494
-0.510204        2.61415
-0.469388        1.98396
-0.428571        1.52063
-0.387755        1.21899
-0.346939        0.987161
-0.306122        0.813894
-0.265306        0.704621
-0.22449        0.627447
-0.183673        0.578448
-0.142857        0.590844
-0.102041        0.660698
-0.0612245        0.779112
-0.0204082        1.0311
0.0204082        1.36557
0.0612245        1.78253
0.102041        2.35704
0.142857        2.99239
0.183673        3.70026
0.22449        4.45911
0.265306        5.20795
0.306122        5.9348
0.346939        6.53997
0.387755        7.0403
0.428571        7.42293
0.469388        7.60695
0.510204        7.68411
0.55102        7.71163
0.591837        7.75531
0.632653        7.99473
0.673469        8.68148
0.714286        10.0315
0.755102        12.3416
0.795918        15.952
0.836735        21.2066
0.877551        28.4512
0.918367        38.2561
0.959184        50.4803
1        65.3184

W=2405
-1        12.0247
-0.959184        14.3898
-0.918367        15.3322
-0.877551        15.1533
-0.836735        14.1023
-0.795918        12.5858
-0.755102        10.8437
-0.714286        9.05791
-0.673469        7.35735
-0.632653        5.82043
-0.591837        4.51683
-0.55102        3.48095
-0.510204        2.65365
-0.469388        2.00528
-0.428571        1.5242
-0.387755        1.20908
-0.346939        0.967284
-0.306122        0.787405
-0.265306        0.676635
-0.22449        0.59983
-0.183673        0.552481
-0.142857        0.566542
-0.102041        0.636427
-0.0612245        0.753462
-0.0204082        0.999621
0.0204082        1.32589
0.0612245        1.73226
0.102041        2.29308
0.142857        2.91442
0.183673        3.60802
0.22449        4.355
0.265306        5.0943
0.306122        5.81465
0.346939        6.41877
0.387755        6.92052
0.428571        7.30674
0.469388        7.49417
0.510204        7.56975
0.55102        7.58759
0.591837        7.60911
0.632653        7.80359
0.673469        8.41542
0.714286        9.65705
0.755102        11.8197
0.795918        15.2398
0.836735        20.2611
0.877551        27.2333
0.918367        36.7349
0.959184        48.6483
1        63.1966

