0.9            1.2434         1.15058        -1             -0.18          -0.339467      -0.225604      1.02069        -0.0170555     
0.9            1.2434         1.15344        -0.18          -0.0319999     -0.0997501     -0.18319       0.933555       -0.22254       
0.9            1.2434         1.15394        -0.0319999     0.072          0.0218393      -0.147338      0.904734       -0.300454      
0.9            1.2434         1.15469        0.072          0.16           0.116912       -0.00401435    0.904163       -0.362377      
0.9            1.2434         1.15641        0.16           0.24           0.200408       -0.154551      0.916915       -0.402851      
0.9            1.2434         1.15541        0.24           0.32           0.279969       -0.0748217     0.943896       -0.398705      
0.9            1.2434         1.15778        0.32           0.396          0.358103       -0.133552      0.873069       -0.45682       
0.9            1.2434         1.15886        0.396          0.472          0.433749       -0.0821757     0.898277       -0.50444       
0.9            1.2434         1.16507        0.472          0.556          0.512543       -0.0455648     0.913801       -0.445984      
0.9            1.2434         1.17526        0.556          1              0.616069       -0.040277      0.93893        -0.446043      
1.2434         1.3284         1.28884        -1             -0.18          -0.34445       -0.0349068     0.983755       0.184182       
1.2434         1.3284         1.28852        -0.18          -0.0279999     -0.0972192     -0.00264014    1.01234        -0.117954      
1.2434         1.3284         1.28836        -0.0279999     0.0840001      0.0301704      0.0746138      0.932176       -0.212627      
1.2434         1.3284         1.28818        0.0840001      0.176          0.131063       0.00410781     0.936392       -0.289401      
1.2434         1.3284         1.28841        0.176          0.26           0.218379       -0.0042391     0.906004       -0.31968       
1.2434         1.3284         1.288          0.26           0.344          0.301942       -0.0144005     0.924095       -0.376796      
1.2434         1.3284         1.28788        0.344          0.428          0.385989       -0.0142269     0.888599       -0.43489       
1.2434         1.3284         1.2878         0.428          0.512          0.470301       0.0197752      0.92655        -0.433573      
1.2434         1.3284         1.28831        0.512          0.596          0.553207       -0.0713824     0.982627       -0.445734      
1.2434         1.3284         1.28987        0.596          1              0.652748       -0.0156465     0.94701        -0.438579      
1.3284         1.3896         1.36032        -1             -0.188         -0.356855      -0.0460382     1.02189        0.334359       
1.3284         1.3896         1.36058        -0.188         -0.0319999     -0.103135      0.0580884      0.936207       0.0487514      
1.3284         1.3896         1.36032        -0.0319999     0.08           0.0261227      -0.0241723     0.860254       -0.145168      
1.3284         1.3896         1.36025        0.08           0.172          0.126794       -0.0146888     0.935688       -0.200965      
1.3284         1.3896         1.36022        0.172          0.26           0.216384       0.0186052      1.00015        -0.286107      
1.3284         1.3896         1.36035        0.26           0.344          0.301896       -0.00217377    0.925777       -0.356976      
1.3284         1.3896         1.36015        0.344          0.432          0.387813       -0.0224087     0.928539       -0.365975      
1.3284         1.3896         1.36038        0.432          0.52           0.475784       -0.0288766     0.946186       -0.393214      
1.3284         1.3896         1.36033        0.52           0.608          0.56328        6.97792e-05    0.922661       -0.44949       
1.3284         1.3896         1.36106        0.608          1              0.665951       -0.0759841     0.939818       -0.404109      
1.3896         1.4474         1.42004        -1             -0.192         -0.366881      -0.0104389     0.966156       0.395963       
1.3896         1.4474         1.41997        -0.192         -0.036         -0.107052      0.0648977      0.978559       0.130085       
1.3896         1.4474         1.41992        -0.036         0.08           0.0240346      0.0761596      0.924552       -0.0671121     
1.3896         1.4474         1.41987        0.08           0.176          0.128845       0.0804102      0.911312       -0.1566        
1.3896         1.4474         1.42004        0.176          0.264          0.220023       0.0681214      0.903927       -0.24469       
1.3896         1.4474         1.42003        0.264          0.352          0.307664       0.040822       0.963424       -0.302487      
1.3896         1.4474         1.41997        0.352          0.44           0.396116       -0.0290259     0.919905       -0.339586      
1.3896         1.4474         1.42007        0.44           0.532          0.486186       -0.0678059     0.910576       -0.377767      
1.3896         1.4474         1.42031        0.532          0.62           0.57544        -0.0816686     0.903265       -0.443038      
1.3896         1.4474         1.42063        0.62           1              0.677982       -0.0673758     0.937553       -0.409219      
1.4474         1.4984         1.47298        -1             -0.184         -0.361822      -0.0149844     0.931771       0.53484        
1.4474         1.4984         1.47303        -0.184         -0.0239999     -0.0967924     0.211924       0.895477       0.214896       
1.4474         1.4984         1.47305        -0.0239999     0.0880001      0.0339731      0.169487       0.825269       -0.0264767     
1.4474         1.4984         1.47305        0.0880001      0.188          0.139133       0.0759636      0.827013       -0.186556      
1.4474         1.4984         1.47311        0.188          0.276          0.232273       0.0801969      0.907903       -0.300448      
1.4474         1.4984         1.47303        0.276          0.364          0.319674       0.0215737      0.848          -0.303326      
1.4474         1.4984         1.47306        0.364          0.456          0.410443       -0.0123877     0.878855       -0.361759      
1.4474         1.4984         1.47336        0.456          0.544          0.500031       0.0111856      0.927769       -0.457742      
1.4474         1.4984         1.47317        0.544          0.632          0.587447       -0.0597336     0.925013       -0.452386      
1.4474         1.4984         1.4737         0.632          1              0.688563       -0.152192      0.903553       -0.445081      
1.4984         1.546          1.52258        -1             -0.176         -0.358791      0.150883       0.893011       0.549269       
1.4984         1.546          1.52256        -0.176         -0.016         -0.0886707     0.0735925      0.840471       0.114948       
1.4984         1.546          1.52269        -0.016         0.1            0.0443672      0.171089       0.854568       -0.0468643     
1.4984         1.546          1.52276        0.1            0.2            0.150923       0.0980798      0.777153       -0.210388      
1.4984         1.546          1.52265        0.2            0.288          0.243956       0.0836662      0.852823       -0.304018      
1.4984         1.546          1.52281        0.288          0.38           0.333696       0.0791158      0.897893       -0.337291      
1.4984         1.546          1.52274        0.38           0.468          0.424389       0.047692       0.954278       -0.376915      
1.4984         1.546          1.52292        0.468          0.556          0.511955       0.0181965      0.932643       -0.40012       
1.4984         1.546          1.52298        0.556          0.644          0.599515       -0.0809801     0.908181       -0.43746       
1.4984         1.546          1.52326        0.644          1              0.699476       -0.0735707     0.931096       -0.424035      
1.546          1.5936         1.5693         -1             -0.16          -0.345887      -0.0200409     0.730325       0.655034       
1.546          1.5936         1.56945        -0.16          0.00400007     -0.0711421     0.173319       0.755279       0.102601       
1.546          1.5936         1.56941        0.00400007     0.116          0.0621553      0.112677       0.815878       -0.0702933     
1.546          1.5936         1.56943        0.116          0.216          0.167157       0.0948575      0.760391       -0.211852      
1.546          1.5936         1.56944        0.216          0.304          0.260202       0.0512756      0.866519       -0.303876      
1.546          1.5936         1.56962        0.304          0.396          0.349996       0.0521536      0.927496       -0.341448      
1.546          1.5936         1.56958        0.396          0.484          0.440532       0.0492651      0.890309       -0.424599      
1.546          1.5936         1.56953        0.484          0.568          0.526434       -0.0820911     0.885042       -0.443585      
1.546          1.5936         1.56987        0.568          0.656          0.611512       -0.0348584     0.947957       -0.451664      
1.546          1.5936         1.56968        0.656          1              0.708665       -0.135259      0.896626       -0.455057      
1.5936         1.6446         1.61883        -1             -0.136         -0.324602      0.0217028      0.706891       0.629569       
1.5936         1.6446         1.61895        -0.136         0.024          -0.0499399     0.0982184      0.789079       0.102336       
1.5936         1.6446         1.61892        0.024          0.14           0.0838362      0.190284       0.75513        -0.139725      
1.5936         1.6446         1.61906        0.14           0.236          0.189036       0.0807476      0.837772       -0.277641      
1.5936         1.6446         1.61899        0.236          0.324          0.280063       0.0728913      0.808213       -0.321702      
1.5936         1.6446         1.61911        0.324          0.416          0.370443       0.0436819      0.922091       -0.383112      
1.5936         1.6446         1.61918        0.416          0.5            0.458389       0.0314495      0.905753       -0.431341      
1.5936         1.6446         1.61929        0.5            0.584          0.542371       -0.0566404     0.904854       -0.4648        
1.5936         1.6446         1.61937        0.584          0.664          0.623752       -0.0930604     0.95405        -0.436742      
1.5936         1.6446         1.61975        0.664          1              0.716033       -0.152698      0.915616       -0.433974      
1.6446         1.699          1.67235        -1             -0.12          -0.312798      -0.0799364     0.562323       0.661146       
1.6446         1.699          1.67255        -0.12          0.0400001      -0.0334478     0.0713835      0.752796       0.0614017      
1.6446         1.699          1.67251        0.0400001      0.16           0.102783       0.159456       0.812191       -0.154068      
1.6446         1.699          1.67274        0.16           0.256          0.208887       0.123001       0.767375       -0.271396      
1.6446         1.699          1.67277        0.256          0.344          0.299824       0.105793       0.775721       -0.33449       
1.6446         1.699          1.67273        0.344          0.432          0.388381       0.103103       0.860487       -0.39437       
1.6446         1.699          1.67291        0.432          0.516          0.474352       0.0133069      0.916544       -0.462819      
1.6446         1.699          1.67306        0.516          0.596          0.555988       -0.0476532     0.933579       -0.460675      
1.6446         1.699          1.67294        0.596          0.676          0.635754       -0.0428242     0.858067       -0.437734      
1.6446         1.699          1.67311        0.676          1              0.725227       -0.192937      0.965696       -0.446258      
1.699          1.7534         1.72531        -1             -0.096         -0.289604      -0.223141      0.466788       0.564651       
1.699          1.7534         1.72525        -0.096         0.064          -0.00997835    0.19438        0.633221       0.0763505      
1.699          1.7534         1.72547        0.064          0.18           0.1242         0.235301       0.712977       -0.183949      
1.699          1.7534         1.72567        0.18           0.276          0.228953       0.147766       0.780193       -0.253363      
1.699          1.7534         1.72555        0.276          0.368          0.322388       0.188535       0.734754       -0.3721        
1.699          1.7534         1.72558        0.368          0.456          0.41282        0.115065       0.944384       -0.377016      
1.699          1.7534         1.7259         0.456          0.532          0.493972       0.0790736      0.97353        -0.432452      
1.699          1.7534         1.72592        0.532          0.608          0.570207       -0.0605036     0.976381       -0.522395      
1.699          1.7534         1.72572        0.608          0.684          0.645444       -0.110381      0.941471       -0.445322      
1.699          1.7534         1.72615        0.684          1              0.732118       -0.237555      0.959738       -0.454409      
1.7534         1.8078         1.78013        -1             -0.08          -0.277951      -0.23959       0.464665       0.514678       
1.7534         1.8078         1.78044        -0.08          0.08           0.00573908     0.200521       0.638578       -0.00145934    
1.7534         1.8078         1.78036        0.08           0.196          0.140379       0.189995       0.744983       -0.197364      
1.7534         1.8078         1.78029        0.196          0.296          0.246734       0.341239       0.79485        -0.313131      
1.7534         1.8078         1.78045        0.296          0.384          0.340349       0.124985       0.823625       -0.368937      
1.7534         1.8078         1.78065        0.384          0.468          0.427106       0.131054       0.956005       -0.443704      
1.7534         1.8078         1.78067        0.468          0.548          0.508211       0.103984       0.959607       -0.452246      
1.7534         1.8078         1.78083        0.548          0.62           0.58431        -0.0353486     0.926166       -0.487756      
1.7534         1.8078         1.78087        0.62           0.692          0.655686       -0.117952      0.963079       -0.437716      
1.7534         1.8078         1.78095        0.692          1              0.738182       -0.303149      0.941825       -0.469404      
1.8078         1.8656         1.83624        -1             -0.068         -0.268166      -0.300476      0.454502       0.421233       
1.8078         1.8656         1.83621        -0.068         0.1            0.022865       0.204326       0.526391       -0.00186149    
1.8078         1.8656         1.83622        0.1            0.216          0.160082       0.281494       0.721743       -0.196079      
1.8078         1.8656         1.83643        0.216          0.312          0.264947       0.263883       0.742526       -0.251965      
1.8078         1.8656         1.83636        0.312          0.404          0.358539       0.219559       0.864352       -0.330149      
1.8078         1.8656         1.83636        0.404          0.488          0.447419       0.173774       0.939597       -0.375764      
1.8078         1.8656         1.83647        0.488          0.56           0.524591       0.045691       0.967859       -0.455849      
1.8078         1.8656         1.83659        0.56           0.632          0.59645        -0.173708      0.974228       -0.438442      
1.8078         1.8656         1.83661        0.632          0.7            0.665476       -0.209871      0.921957       -0.486094      
1.8078         1.8656         1.83693        0.7            1              0.744886       -0.287685      0.904032       -0.487744      
1.8656         1.9608         1.90371        -1             -0.0559999     -0.261847      -0.25859       0.413356       0.268696       
1.8656         1.9608         1.90304        -0.0559999     0.112          0.0345281      0.190605       0.583132       0.0721749      
1.8656         1.9608         1.90337        0.112          0.232          0.174873       0.328937       0.701209       -0.0714228     
1.8656         1.9608         1.90323        0.232          0.332          0.283044       0.284774       0.827056       -0.2167        
1.8656         1.9608         1.90353        0.332          0.424          0.378793       0.204384       0.839402       -0.344334      
1.8656         1.9608         1.90415        0.424          0.5            0.462782       0.116212       0.880315       -0.376162      
1.8656         1.9608         1.90442        0.5            0.572          0.536447       -0.098998      0.876002       -0.39706       
1.8656         1.9608         1.9046         0.572          0.64           0.606259       -0.123661      0.885009       -0.466257      
1.8656         1.9608         1.90461        0.64           0.704          0.671346       -0.245061      0.823511       -0.482068      
1.8656         1.9608         1.90481        0.704          1              0.748459       -0.295325      0.796094       -0.520865      
1.9608         2.107          2.0321         -1             -0.048         -0.275294      -0.347653      0.477229       0.125646       
1.9608         2.107          2.03069        -0.048         0.14           0.0536092      0.22003        0.356394       0.117591       
1.9608         2.107          2.03067        0.14           0.264          0.205217       0.439601       0.686354       -0.0177013     
1.9608         2.107          2.03167        0.264          0.368          0.317388       0.409644       0.757477       -0.230186      
1.9608         2.107          2.03235        0.368          0.456          0.413869       0.262083       0.77992        -0.288824      
1.9608         2.107          2.03289        0.456          0.528          0.492553       0.134609       0.910694       -0.382456      
1.9608         2.107          2.03347        0.528          0.592          0.560412       -0.0292592     0.924269       -0.413925      
1.9608         2.107          2.03404        0.592          0.656          0.624557       -0.160276      0.904556       -0.475463      
1.9608         2.107          2.03463        0.656          0.716          0.685403       -0.271945      0.722283       -0.540107      
1.9608         2.107          2.03488        0.716          1              0.758072       -0.327367      0.735673       -0.589592      
2.107          2.2974         2.1958         -1             -0.0239999     -0.273241      -0.279394      0.61173        0.018539       
2.107          2.2974         2.19459        -0.0239999     0.18           0.0876536      0.335689       0.571034       0.16188        
2.107          2.2974         2.19467        0.18           0.312          0.249202       0.450986       0.629581       -0.0247065     
2.107          2.2974         2.19665        0.312          0.416          0.365681       0.384797       0.722285       -0.195155      
2.107          2.2974         2.19771        0.416          0.496          0.457642       0.31293        0.960232       -0.312861      
2.107          2.2974         2.19796        0.496          0.564          0.530679       0.033936       0.796504       -0.370943      
2.107          2.2974         2.19865        0.564          0.62           0.592475       0.0387922      0.853562       -0.449419      
2.107          2.2974         2.19925        0.62           0.676          0.648261       -0.250048      0.780754       -0.4544        
2.107          2.2974         2.19899        0.676          0.732          0.702975       -0.20408       0.713348       -0.537021      
2.107          2.2974         2.20127        0.732          1              0.770193       -0.211206      0.713843       -0.58453       
2.2974         2.6            2.40745        -1             0.00400007     -0.265314      -0.152288      0.661417       -0.0274199     
2.2974         2.6            2.40497        0.00400007     0.232          0.130114       0.251124       0.357546       0.271071       
2.2974         2.6            2.40545        0.232          0.372          0.306212       0.439838       0.577106       0.0296796      
2.2974         2.6            2.40744        0.372          0.464          0.4217         0.31587        0.688767       -0.138144      
2.2974         2.6            2.40925        0.464          0.536          0.500987       0.149521       0.970445       -0.179735      
2.2974         2.6            2.41053        0.536          0.596          0.566723       0.0190101      0.726982       -0.34167       
2.2974         2.6            2.41068        0.596          0.648          0.622697       -0.11485       0.664169       -0.392109      
2.2974         2.6            2.41208        0.648          0.692          0.67002        -0.24124       0.674586       -0.415921      
2.2974         2.6            2.41269        0.692          0.744          0.717062       -0.250502      0.687417       -0.5516        
2.2974         2.6            2.41341        0.744          1              0.778965       -0.201902      0.438618       -0.587879      
