1.72           -0.65          -0.00169031    -0.96881       -0.972132      -0.157817      -0.00521757    
1.72           -0.45          -0.00169031    -0.96881       -0.972132      -0.157817      -0.00521757    
1.72           -0.25          0.0383169      -0.968849      -0.966793      -0.1602        -0.073157      
1.72           -0.05          0.118331       -0.968925      -0.956116      -0.164967      -0.209036      
1.72           0.15           0.245432       -0.973414      -0.934839      -0.214506      -0.409584      
1.72           0.35           0.231274       -0.964668      -0.945363      -0.129726      -0.416124      
1.72           0.55           0.177724       -0.805158      -0.813279      -0.00216341    -0.360406      
1.72           0.75           0.210038       -0.95155       -0.961148      -0.00255676    -0.425934      
1.74           -0.65          0.222707       -0.969301      -0.918614      -0.278071      -0.104621      
1.74           -0.45          0.222707       -0.969301      -0.918614      -0.278071      -0.104621      
1.74           -0.25          0.228355       -0.969219      -0.912338      -0.291879      -0.147376      
1.74           -0.05          0.239652       -0.969054      -0.899785      -0.319494      -0.232885      
1.74           0.15           0.250948       -0.968889      -0.887232      -0.34711       -0.318395      
1.74           0.35           0.353918       -0.968672      -0.914221      -0.0936427     -0.5365        
1.74           0.55           0.318831       -0.968545      -0.921609      -0.135824      -0.54382       
1.74           0.75           0.268871       -0.917099      -0.892318      -0.135824      -0.409135      
1.76           -0.65          0.20696        -0.757818      -0.893915      -0.353374      0.229689       
1.76           -0.45          0.209044       -0.810675      -0.893915      -0.353374      0.151845       
1.76           -0.25          0.180901       -0.96888       -0.893915      -0.353374      -0.0097568     
1.76           -0.05          0.249687       -0.969616      -0.889154      -0.338968      -0.153613      
1.76           0.15           0.318473       -0.970352      -0.879631      -0.310157      -0.29747       
1.76           0.35           0.380159       -0.96976       -0.900283      -0.125758      -0.441283      
1.76           0.55           0.288727       -0.969982      -0.94028       -0.0597004     -0.409434      
1.76           0.75           0.218825       -0.844777      -0.941135      -0.187209      -0.442402      
1.78           -0.65          0.200489       -0.666374      -0.713448      -0.15918       0.0731338      
1.78           -0.45          0.218971       -0.741781      -0.761509      -0.187374      0.0138508      
1.78           -0.25          0.263496       -0.967433      -0.898672      -0.318033      -0.109999      
1.78           -0.05          0.28534        -0.968575      -0.912708      -0.225877      -0.217997      
1.78           0.15           0.307184       -0.969716      -0.926743      -0.133721      -0.325994      
1.78           0.35           0.404322       -0.969827      -0.880777      -0.178132      -0.482648      
1.78           0.55           0.367435       -0.96957       -0.905581      -0.125641      -0.49364       
1.78           0.75           0.269853       -0.968703      -0.945987      -0.0430271     -0.465983      
1.8            -0.65          0.126833       -0.51286       -0.464591      -0.185721      0.127873       
1.8            -0.45          0.162216       -0.625683      -0.58036       -0.185721      0.0650747      
1.8            -0.25          0.231654       -0.963073      -0.937042      -0.185721      -0.0624427     
1.8            -0.05          0.305072       -0.965233      -0.91829       -0.166134      -0.184197      
1.8            0.15           0.378489       -0.967393      -0.899537      -0.126961      -0.305952      
1.8            0.35           0.347376       -0.968949      -0.896245      -0.215505      -0.446071      
1.8            0.55           0.333655       -0.96992       -0.909794      -0.178304      -0.47145       
1.8            0.75           0.305399       -0.968772      -0.93466       -0.0503761     -0.390637      
1.82           -0.65          0.119755       -0.347575      -0.412055      -0.050285      0.149606       
1.82           -0.45          0.154612       -0.459352      -0.521292      -0.0886788     0.0970411      
1.82           -0.25          0.237377       -0.736796      -0.837528      -0.175308      -0.0125025     
1.82           -0.05          0.280985       -0.85257       -0.860478      -0.232412      -0.108804      
1.82           0.15           0.324594       -0.968343      -0.883427      -0.289516      -0.205106      
1.82           0.35           0.333817       -0.968965      -0.899903      -0.221213      -0.387008      
1.82           0.55           0.354164       -0.968454      -0.911137      -0.11709       -0.40135       
1.82           0.75           0.325353       -0.968289      -0.920904      -0.122104      -0.452988      
1.84           -0.65          0.186383       0.174717       -0.222927      0.0989478      0.344955       
1.84           -0.45          0.197356       -0.009215      -0.338799      0.0209978      0.272302       
1.84           -0.25          0.205885       -0.488596      -0.609174      -0.224329      0.142836       
1.84           -0.05          0.254669       -0.633426      -0.763652      -0.201375      -0.0341473     
1.84           0.15           0.303454       -0.778256      -0.91813       -0.17842       -0.211131      
1.84           0.35           0.374316       -0.951469      -0.89491       -0.165385      -0.430288      
1.84           0.55           0.376095       -0.967654      -0.894794      -0.16581       -0.498589      
1.84           0.75           0.312709       -0.966473      -0.920012      -0.15346       -0.386519      
1.86           -0.65          0.216698       0.172208       0.0243551      0.11767        0.373428       
1.86           -0.45          0.212737       0.001514       -0.121465      0.0417022      0.294586       
1.86           -0.25          0.175954       -0.428322      -0.493327      -0.145654      0.123065       
1.86           -0.05          0.225752       -0.592814      -0.624527      -0.226748      -0.0069448     
1.86           0.15           0.27555        -0.757305      -0.755728      -0.307842      -0.136955      
1.86           0.35           0.326614       -0.925089      -0.900272      -0.217381      -0.361178      
1.86           0.55           0.335704       -0.86091       -0.904483      -0.186459      -0.444728      
1.86           0.75           0.337929       -0.892094      -0.80822       -0.24588       -0.44659       
1.88           -0.65          0.132214       0.533587       0.837301       0.321263       0.478204       
1.88           -0.45          0.254423       0.23092        0.315224       -0.0349965     0.439516       
1.88           -0.25          0.175059       -0.168789      -0.200393      -0.177113      0.280549       
1.88           -0.05          0.220403       -0.37126       -0.575448      -0.210353      0.124107       
1.88           0.15           0.321599       -0.581591      -0.567025      -0.367064      -0.10835       
1.88           0.35           0.328686       -0.695516      -0.666073      -0.308061      -0.316658      
1.88           0.55           0.31299        -0.825716      -0.725767      -0.304013      -0.421976      
1.88           0.75           0.300719       -0.850553      -0.907675      -0.221005      -0.383444      
1.9            -0.65          0.288377       0.725921       0.93961        -0.0116299     0.39118        
1.9            -0.45          0.243603       0.466208       0.469421       0.0573793      0.47298        
1.9            -0.25          0.240932       0.188669       0.237192       -0.139826      0.36589        
1.9            -0.05          0.236701       -0.171832      -0.360796      -0.298704      0.158732       
1.9            0.15           0.272798       -0.346308      -0.380049      -0.408414      -0.119212      
1.9            0.35           0.310153       -0.553206      -0.515033      -0.370856      -0.346192      
1.9            0.55           0.311224       -0.581309      -0.595132      -0.222603      -0.487736      
1.9            0.75           0.313151       -0.691083      -0.70549       -0.187913      -0.38429       
1.92           -0.65          0.404688       0.9674         0.895321       0.0538753      0.697887       
1.92           -0.45          0.270627       0.556698       0.525392       0.00604814     0.568165       
1.92           -0.25          0.239247       0.175541       0.0882296      -0.270897      0.430806       
1.92           -0.05          0.217787       -0.252121      -0.321258      -0.450144      0.0618522      
1.92           0.15           0.296232       -0.466536      -0.52472       -0.459607      -0.191717      
1.92           0.35           0.33226        -0.660324      -0.617246      -0.35517       -0.342131      
1.92           0.55           0.336053       -0.699271      -0.577896      -0.273315      -0.444344      
1.92           0.75           0.277045       -0.763277      -0.710788      -0.184546      -0.425506      
1.94           -0.65          0.436832       0.969189       0.863831       0.18107        0.578191       
1.94           -0.45          0.401286       0.763945       0.690913       0.0532989      0.775356       
1.94           -0.25          0.279263       0.304472       -0.0979894     -0.326488      0.609441       
1.94           -0.05          0.330945       -0.398674      -0.384843      -0.437723      0.215491       
1.94           0.15           0.40337        -0.422149      -0.533363      -0.322978      -0.128727      
1.94           0.35           0.380908       -0.551721      -0.672498      -0.420712      -0.370372      
1.94           0.55           0.374833       -0.812773      -0.707842      -0.227449      -0.46712       
1.94           0.75           0.346954       -0.811963      -0.729263      -0.202867      -0.430495      
1.96           -0.65          0.583684       0.968181       0.763184       0.21334        0.699072       
1.96           -0.45          0.610859       0.716818       0.402503       0.0939376      0.799512       
1.96           -0.25          0.443822       0.305724       -0.0204879     -0.399699      0.555055       
1.96           -0.05          0.432768       -0.177482      -0.536348      -0.477824      0.145375       
1.96           0.15           0.40704        -0.575915      -0.584811      -0.390217      -0.206181      
1.96           0.35           0.391039       -0.590112      -0.666451      -0.266978      -0.366853      
1.96           0.55           0.431058       -0.739743      -0.637696      -0.301012      -0.470606      
1.96           0.75           0.34636        -0.807784      -0.765676      -0.192271      -0.493347      
1.98           -0.65          0.740678       0.969087       0.605732       0.233046       0.865076       
1.98           -0.45          0.69665        0.836794       0.473801       0.16134        0.908432       
1.98           -0.25          0.524905       0.425253       -0.0260573     -0.295382      0.646906       
1.98           -0.05          0.457445       -0.407928      -0.564862      -0.32567       0.127883       
1.98           0.15           0.51893        -0.659599      -0.695281      -0.260311      -0.258296      
1.98           0.35           0.45961        -0.793939      -0.808548      -0.253438      -0.365803      
1.98           0.55           0.410322       -0.79144       -0.769346      -0.160256      -0.430025      
1.98           0.75           0.360383       -0.866145      -0.793509      -0.15361       -0.424062      
2              -0.65          0.82088        0.969714       0.465519       0.282772       0.93762        
2              -0.45          0.763483       0.968264       0.608753       0.123638       0.934118       
2              -0.25          0.580835       0.292474       -0.140149      -0.116158      0.622288       
2              -0.05          0.569834       -0.43929       -0.731795      -0.327582      0.101436       
2              0.15           0.604613       -0.621872      -0.688533      -0.358582      -0.232986      
2              0.35           0.565876       -0.789404      -0.728049      -0.228289      -0.414503      
2              0.55           0.458138       -0.866254      -0.744495      -0.137173      -0.516444      
2              0.75           0.394432       -0.933548      -0.867827      -0.232254      -0.493092      
2.02           -0.65          0.73483        0.332353       -0.298881      0.0323523      0.667544       
2.02           -0.45          0.73483        0.332353       -0.298881      0.0323523      0.667544       
2.02           -0.25          0.722453       0.156773       -0.377846      -0.00740716    0.480522       
2.02           -0.05          0.697698       -0.194387      -0.535775      -0.0869261     0.106479       
2.02           0.15           0.672944       -0.545547      -0.693704      -0.166445      -0.267565      
2.02           0.35           0.557119       -0.784824      -0.766363      -0.163365      -0.417932      
2.02           0.55           0.434769       -0.858582      -0.740078      -0.225087      -0.496081      
2.02           0.75           0.387195       -0.834967      -0.869654      -0.247943      -0.469542      
2.04           -0.65          0.675276       -0.164143      -0.369327      0.360742       0.468648       
2.04           -0.45          0.675276       -0.164143      -0.369327      0.360742       0.468648       
2.04           -0.25          0.656809       -0.209254      -0.452083      0.264333       0.318982       
2.04           -0.05          0.619876       -0.299476      -0.617595      0.0715138      0.0196512      
2.04           0.15           0.582942       -0.389698      -0.783107      -0.121305      -0.27968       
2.04           0.35           0.517123       -0.503164      -0.803534      -0.128571      -0.320408      
2.04           0.55           0.427361       -0.702969      -0.757947      -0.195751      -0.493386      
2.04           0.75           0.379834       -0.903218      -0.855631      -0.288994      -0.46458       
2.06           -0.65          0.669431       0.285782       -0.0964817     0.446788       0.487277       
2.06           -0.45          0.669431       0.285782       -0.0964817     0.446788       0.487277       
2.06           -0.25          0.660833       0.0890296      -0.154183      0.340055       0.339301       
2.06           -0.05          0.643637       -0.304475      -0.269587      0.12659        0.0433478      
2.06           0.15           0.626441       -0.69798       -0.38499       -0.0868758     -0.252605      
2.06           0.35           0.586726       -0.696346      -0.708603      -0.119775      -0.396524      
2.06           0.55           0.376881       -0.585986      -0.654783      -0.245774      -0.447575      
2.06           0.75           0.30004        -0.811363      -0.736639      -0.250248      -0.47605       
2.08           -0.65          0.573677       0.452746       -0.106046      0.675716       0.5323         
2.08           -0.45          0.573677       0.452746       -0.106046      0.675716       0.5323         
2.08           -0.25          0.57812        0.245283       -0.147791      0.562076       0.384283       
2.08           -0.05          0.587005       -0.169643      -0.231282      0.334797       0.0882478      
2.08           0.15           0.595891       -0.584569      -0.314772      0.107517       -0.207787      
2.08           0.35           0.481849       -0.565407      -0.49054       -0.167765      -0.31173       
2.08           0.55           0.283993       -0.67735       -0.711875      -0.197046      -0.416299      
2.08           0.75           0.274315       -0.853404      -0.691991      -0.454367      -0.485327      
2.1            -0.65          0.482001       0.433146       -0.365665      0.395267       0.473195       
2.1            -0.45          0.482001       0.433146       -0.365665      0.395267       0.473195       
2.1            -0.25          0.505324       0.240246       -0.380938      0.312238       0.352284       
2.1            -0.05          0.551971       -0.145555      -0.411483      0.146181       0.110461       
2.1            0.15           0.598618       -0.531356      -0.442029      -0.0198763     -0.131361      
2.1            0.35           0.37238        -0.714502      -0.472575      -0.185934      -0.305575      
2.1            0.55           0.296263       -0.77112       -0.743256      -0.195795      -0.46331       
2.1            0.75           0.250839       -0.798101      -0.868859      -0.384193      -0.555466      
2.12           -0.65          0.334715       0.390242       -0.127074      0.583079       0.312599       
2.12           -0.45          0.334715       0.390242       -0.127074      0.583079       0.312599       
2.12           -0.25          0.367986       0.220746       -0.204698      0.514852       0.233142       
2.12           -0.05          0.434527       -0.118247      -0.359946      0.378399       0.0742276      
2.12           0.15           0.501068       -0.45724       -0.515194      0.241945       -0.0846866     
2.12           0.35           0.383104       -0.630562      -0.768505      0.137278       -0.307612      
2.12           0.55           0.197202       -0.837471      -0.749784      -0.366092      -0.446281      
2.12           0.75           0.281182       -0.840384      -0.712728      -0.438602      -0.514511      
2.14           -0.65          0.338249       0.603186       -0.352169      0.858591       0.276975       
2.14           -0.45          0.338249       0.603186       -0.352169      0.858591       0.276975       
2.14           -0.25          0.409395       0.400594       -0.352169      0.728138       0.223233       
2.14           -0.05          0.551686       -0.00459       -0.352169      0.467233       0.11575        
2.14           0.15           0.693977       -0.409774      -0.352169      0.206327       0.00826629     
2.14           0.35           0.375279       -0.64519       -1.82173       -0.0545786     -0.205156      
2.14           0.55           0.334463       -0.949776      -0.861905      -0.330741      -0.415796      
2.14           0.75           0.363946       -0.968885      -0.813919      -0.417908      -0.613339      
2.16           -0.65          0.368373       0.716897       0.408482       0.816334       0.0965446      
2.16           -0.45          0.368373       0.716897       0.408482       0.816334       0.0965446      
2.16           -0.25          0.460168       0.477037       0.26268        0.675761       0.085475       
2.16           -0.05          0.643759       -0.0026824     -0.028924      0.394616       0.0633357      
2.16           0.15           0.82735        -0.482402      -0.320528      0.11347        0.0411964      
2.16           0.35           0.605374       -0.808818      -0.768363      -0.0999559     -0.249308      
2.16           0.55           0.35288        -0.967169      -0.812039      -0.430538      -0.486893      
2.16           0.75           0.557805       -0.923292      -0.717981      -0.241417      -0.635115      
2.18           -0.65          0.160065       0.79446        0.598545       0.529701       0.0887057      
2.18           -0.45          0.160065       0.79446        0.598545       0.529701       0.0887057      
2.18           -0.25          0.285217       0.554738       0.361426       0.476292       0.0614152      
2.18           -0.05          0.53552        0.0752952      -0.112811      0.0756716      0.00683414     
2.18           0.15           0.785823       -0.404148      -0.587049      0.262655       -0.0477469     
2.18           0.35           0.569797       -0.969097      -0.787966      0.155837       -0.280158      
2.18           0.55           0.407078       -0.965544      -0.819854      -0.360079      -0.485219      
2.18           0.75           0.463359       -0.969253      -0.797303      -0.346234      -0.580906      
