W=1626
-0.998027        5.76507
-0.992115        5.79975
-0.982287        5.85737
-0.968583        5.93768
-0.951057        6.04033
-0.929776        6.16483
-0.904827        6.31059
-0.876307        6.4769
-0.844328        6.66293
-0.809017        6.86771
-0.770513        7.09017
-0.728969        7.32912
-0.684547        7.58329
-0.637424        7.85131
-0.587785        8.13175
-0.535827        8.42315
-0.481754        8.72402
-0.425779        9.03288
-0.368125        9.34826
-0.309017        9.66874
-0.24869        9.99294
-0.187381        10.3196
-0.125333        10.6474
-0.0627905        10.9753
-1.60812e-16        11.3022
0.0627905        11.627
0.125333        11.9487
0.187381        12.2666
0.24869        12.5796
0.309017        12.8868
0.368125        13.1875
0.425779        13.4806
0.481754        13.7653
0.535827        14.0407
0.587785        14.3059
0.637424        14.5598
0.684547        14.8015
0.728969        15.0301
0.770513        15.2446
0.809017        15.444
0.844328        15.6274
0.876307        15.7941
0.904827        15.9431
0.929776        16.0738
0.951057        16.1855
0.968583        16.2777
0.982287        16.3499
0.992115        16.4018
0.998027        16.433
1        16.4434

W=1632
-0.998027        6.95025
-0.992115        7.00539
-0.982287        7.09703
-0.968583        7.22481
-0.951057        7.38817
-0.929776        7.58636
-0.904827        7.81847
-0.876307        8.08334
-0.844328        8.37961
-0.809017        8.70568
-0.770513        9.05976
-0.728969        9.43984
-0.684547        9.84374
-0.637424        10.2691
-0.587785        10.7136
-0.535827        11.1747
-0.481754        11.6499
-0.425779        12.1368
-0.368125        12.6329
-0.309017        13.1362
-0.24869        13.6444
-0.187381        14.1557
-0.125333        14.6682
-0.0627905        15.1804
-1.60812e-16        15.6909
0.0627905        16.1983
0.125333        16.7013
0.187381        17.1989
0.24869        17.6898
0.309017        18.1729
0.368125        18.6469
0.425779        19.1106
0.481754        19.5625
0.535827        20.0011
0.587785        20.4249
0.637424        20.8322
0.684547        21.2214
0.728969        21.5905
0.770513        21.9379
0.809017        22.2618
0.844328        22.5605
0.876307        22.8324
0.904827        23.0761
0.929776        23.2901
0.951057        23.4733
0.968583        23.6246
0.982287        23.7432
0.992115        23.8284
0.998027        23.8797
1        23.8968

W=1633
-0.998027        7.18184
-0.992115        7.24355
-0.982287        7.34612
-0.968583        7.48913
-0.951057        7.67196
-0.929776        7.89378
-0.904827        8.15354
-0.876307        8.44994
-0.844328        8.78142
-0.809017        9.14618
-0.770513        9.54214
-0.728969        9.96703
-0.684547        10.4183
-0.637424        10.8934
-0.587785        11.3895
-0.535827        11.9038
-0.481754        12.4336
-0.425779        12.9759
-0.368125        13.5282
-0.309017        14.0881
-0.24869        14.6532
-0.187381        15.2214
-0.125333        15.7909
-0.0627905        16.36
-1.60812e-16        16.9271
0.0627905        17.4909
0.125333        18.0501
0.187381        18.6036
0.24869        19.15
0.309017        19.6883
0.368125        20.2169
0.425779        20.7345
0.481754        21.2396
0.535827        21.7304
0.587785        22.2052
0.637424        22.662
0.684547        23.0987
0.728969        23.5134
0.770513        23.904
0.809017        24.2685
0.844328        24.6048
0.876307        24.911
0.904827        25.1856
0.929776        25.4268
0.951057        25.6333
0.968583        25.8039
0.982287        25.9377
0.992115        26.0337
0.998027        26.0916
1        26.1109

W=1648
-0.998027        9.45276
-0.992115        9.58392
-0.982287        9.80175
-0.968583        10.1051
-0.951057        10.4922
-0.929776        10.9609
-0.904827        11.5082
-0.876307        12.1307
-0.844328        12.8241
-0.809017        13.5838
-0.770513        14.4043
-0.728969        15.2798
-0.684547        16.2041
-0.637424        17.1708
-0.587785        18.1733
-0.535827        19.2055
-0.481754        20.2611
-0.425779        21.3348
-0.368125        22.4213
-0.309017        23.5166
-0.24869        24.6169
-0.187381        25.7195
-0.125333        26.8222
-0.0627905        27.9232
-1.60812e-16        29.0214
0.0627905        30.1156
0.125333        31.2051
0.187381        32.2886
0.24869        33.3646
0.309017        34.4314
0.368125        35.4864
0.425779        36.5267
0.481754        37.5484
0.535827        38.5475
0.587785        39.5191
0.637424        40.4581
0.684547        41.3592
0.728969        42.217
0.770513        43.0262
0.809017        43.7816
0.844328        44.4785
0.876307        45.1126
0.904827        45.6802
0.929776        46.178
0.951057        46.6033
0.968583        46.9539
0.982287        47.2282
0.992115        47.425
0.998027        47.5434
1        47.5829

W=1661
-0.998027        9.87552
-0.992115        10.0971
-0.982287        10.4648
-0.968583        10.9757
-0.951057        11.6261
-0.929776        12.4111
-0.904827        13.3243
-0.876307        14.3583
-0.844328        15.5043
-0.809017        16.7528
-0.770513        18.093
-0.728969        19.5136
-0.684547        21.003
-0.637424        22.5496
-0.587785        24.1423
-0.535827        25.7705
-0.481754        27.4249
-0.425779        29.0977
-0.368125        30.7826
-0.309017        32.4747
-0.24869        34.1713
-0.187381        35.8706
-0.125333        37.5725
-0.0627905        39.2774
-1.60812e-16        40.9863
0.0627905        42.6999
0.125333        44.4187
0.187381        46.1421
0.24869        47.8682
0.309017        49.5935
0.368125        51.3129
0.425779        53.0198
0.481754        54.7058
0.535827        56.3613
0.587785        57.9759
0.637424        59.5384
0.684547        61.0377
0.728969        62.4627
0.770513        63.8033
0.809017        65.05
0.844328        66.1949
0.876307        67.2311
0.904827        68.1532
0.929776        68.9572
0.951057        69.6403
0.968583        70.2006
0.982287        70.6369
0.992115        70.9487
0.998027        71.1359
1        71.1982

W=1670
-0.998027        9.22982
-0.992115        9.50791
-0.982287        9.96883
-0.968583        10.6087
-0.951057        11.4221
-0.929776        12.4017
-0.904827        13.5386
-0.876307        14.8224
-0.844328        16.2408
-0.809017        17.7803
-0.770513        19.4265
-0.728969        21.1642
-0.684547        22.9779
-0.637424        24.8527
-0.587785        26.7745
-0.535827        28.7308
-0.481754        30.7108
-0.425779        32.7061
-0.368125        34.7108
-0.309017        36.7213
-0.24869        38.7365
-0.187381        40.7573
-0.125333        42.7858
-0.0627905        44.8254
-1.60812e-16        46.8791
0.0627905        48.9498
0.125333        51.0389
0.187381        53.1459
0.24869        55.2679
0.309017        57.3998
0.368125        59.5334
0.425779        61.6582
0.481754        63.7615
0.535827        65.8287
0.587785        67.8443
0.637424        69.7923
0.684547        71.6568
0.728969        73.423
0.770513        75.0773
0.809017        76.6082
0.844328        78.0062
0.876307        79.2639
0.904827        80.3763
0.929776        81.3404
0.951057        82.1546
0.968583        82.8188
0.982287        83.3338
0.992115        83.7004
0.998027        83.9199
1        83.993

W=1672
-0.998027        8.89886
-0.992115        9.18888
-0.982287        9.66954
-0.968583        10.3367
-0.951057        11.1846
-0.929776        12.2054
-0.904827        13.3899
-0.876307        14.7266
-0.844328        16.2027
-0.809017        17.8039
-0.770513        19.5148
-0.728969        21.3192
-0.684547        23.2009
-0.637424        25.1443
-0.587785        27.1347
-0.535827        29.1589
-0.481754        31.206
-0.425779        33.2677
-0.368125        35.3382
-0.309017        37.4144
-0.24869        39.4959
-0.187381        41.5841
-0.125333        43.6822
-0.0627905        45.7941
-1.60812e-16        47.9237
0.0627905        50.0742
0.125333        52.2474
0.187381        54.4427
0.24869        56.6572
0.309017        58.8849
0.368125        61.1168
0.425779        63.3414
0.481754        65.5445
0.535827        67.7105
0.587785        69.8223
0.637424        71.8625
0.684547        73.8141
0.728969        75.6613
0.770513        77.3896
0.809017        78.987
0.844328        80.4437
0.876307        81.7523
0.904827        82.908
0.929776        83.908
0.951057        84.7514
0.968583        85.4386
0.982287        85.9706
0.992115        86.3491
0.998027        86.5756
1        86.6509

W=1676
-0.998027        8.10247
-0.992115        8.41361
-0.982287        8.92926
-0.968583        9.64494
-0.951057        10.5543
-0.929776        11.649
-0.904827        12.9186
-0.876307        14.3508
-0.844328        15.9314
-0.809017        17.6445
-0.770513        19.4731
-0.728969        21.3995
-0.684547        23.406
-0.637424        25.4753
-0.587785        27.5916
-0.535827        29.7412
-0.481754        31.9126
-0.425779        34.0975
-0.368125        36.2908
-0.309017        38.4904
-0.24869        40.6971
-0.187381        42.9141
-0.125333        45.1461
-0.0627905        47.3987
-1.60812e-16        49.6771
0.0627905        51.9857
0.125333        54.3267
0.187381        56.6995
0.24869        59.1005
0.309017        61.5223
0.368125        63.9541
0.425779        66.382
0.481754        68.7892
0.535827        71.157
0.587785        73.4654
0.637424        75.6942
0.684547        77.824
0.728969        79.8366
0.770513        81.7162
0.809017        83.4495
0.844328        85.0261
0.876307        86.4387
0.904827        87.6827
0.929776        88.7562
0.951057        89.6592
0.968583        90.393
0.982287        90.9601
0.992115        91.3628
0.998027        91.6034
1        91.6835

W=1678
-0.998027        7.65375
-0.992115        7.97391
-0.982287        8.50453
-0.968583        9.24107
-0.951057        10.177
-0.929776        11.3038
-0.904827        12.6107
-0.876307        14.0849
-0.844328        15.7117
-0.809017        17.4747
-0.770513        19.3562
-0.728969        21.3377
-0.684547        23.4007
-0.637424        25.5274
-0.587785        27.7015
-0.535827        29.9088
-0.481754        32.1377
-0.425779        34.3802
-0.368125        36.6311
-0.309017        38.8892
-0.24869        41.1558
-0.187381        43.435
-0.125333        45.7323
-0.0627905        48.0543
-1.60812e-16        50.4068
0.0627905        52.7947
0.125333        55.2204
0.187381        57.6833
0.24869        60.1794
0.309017        62.7004
0.368125        65.2347
0.425779        67.767
0.481754        70.279
0.535827        72.7505
0.587785        75.16
0.637424        77.4858
0.684547        79.7071
0.728969        81.8048
0.770513        83.7622
0.809017        85.5653
0.844328        87.2036
0.876307        88.6697
0.904827        89.9592
0.929776        91.0706
0.951057        92.0043
0.968583        92.7624
0.982287        93.3476
0.992115        93.7628
0.998027        94.0108
1        94.0933

W=1681
-0.998027        6.94146
-0.992115        7.27298
-0.982287        7.82255
-0.968583        8.5856
-0.951057        9.55558
-0.929776        10.7237
-0.904827        12.0791
-0.876307        13.6085
-0.844328        15.2966
-0.809017        17.1262
-0.770513        19.0787
-0.728969        21.1348
-0.684547        23.2751
-0.637424        25.4808
-0.587785        27.7349
-0.535827        30.0226
-0.481754        32.3325
-0.425779        34.6563
-0.368125        36.9898
-0.309017        39.3322
-0.24869        41.6862
-0.187381        44.057
-0.125333        46.4515
-0.0627905        48.8775
-1.60812e-16        51.3419
0.0627905        53.8503
0.125333        56.4053
0.187381        59.0063
0.24869        61.6482
0.309017        64.3219
0.368125        67.0139
0.425779        69.7069
0.481754        72.3802
0.535827        75.0112
0.587785        77.5761
0.637424        80.0509
0.684547        82.4128
0.728969        84.6409
0.770513        86.7174
0.809017        88.6275
0.844328        90.3602
0.876307        91.9081
0.904827        93.2673
0.929776        94.4367
0.951057        95.4176
0.968583        96.2126
0.982287        96.8256
0.992115        97.2602
0.998027        97.5195
1        97.6057

W=1683
-0.998027        6.45126
-0.992115        6.78873
-0.982287        7.34829
-0.968583        8.12546
-0.951057        9.11375
-0.929776        10.3045
-0.904827        11.6866
-0.876307        13.2469
-0.844328        14.9698
-0.809017        16.8377
-0.770513        18.8316
-0.728969        20.9317
-0.684547        23.1179
-0.637424        25.3711
-0.587785        27.6739
-0.535827        30.0112
-0.481754        32.3714
-0.425779        34.7466
-0.368125        37.1326
-0.309017        39.5296
-0.24869        41.9407
-0.187381        44.3721
-0.125333        46.8317
-0.0627905        49.3279
-1.60812e-16        51.8683
0.0627905        54.459
0.125333        57.1027
0.187381        59.7985
0.24869        62.5408
0.309017        65.3196
0.368125        68.1201
0.425779        70.9234
0.481754        73.7075
0.535827        76.4479
0.587785        79.119
0.637424        81.6955
0.684547        84.1531
0.728969        86.47
0.770513        88.6272
0.809017        90.6097
0.844328        92.4062
0.876307        94.0094
0.904827        95.4155
0.929776        96.6239
0.951057        97.6364
0.968583        98.4564
0.982287        99.0881
0.992115        99.5356
0.998027        99.8025
1        99.8912

W=1684
-0.998027        6.20365
-0.992115        6.54354
-0.982287        7.10717
-0.968583        7.89017
-0.951057        8.8861
-0.929776        10.0864
-0.904827        11.48
-0.876307        13.0537
-0.844328        14.7919
-0.809017        16.6768
-0.770513        18.6894
-0.728969        20.8095
-0.684547        23.017
-0.637424        25.2924
-0.587785        27.618
-0.535827        29.9789
-0.481754        32.3633
-0.425779        34.7633
-0.368125        37.1752
-0.309017        39.5992
-0.24869        42.0389
-0.187381        44.5009
-0.125333        46.9935
-0.0627905        49.5255
-1.60812e-16        52.1049
0.0627905        54.7378
0.125333        57.4271
0.187381        60.1717
0.24869        62.9657
0.309017        65.7985
0.368125        68.6546
0.425779        71.5146
0.481754        74.3553
0.535827        77.1515
0.587785        79.8768
0.637424        82.505
0.684547        85.0112
0.728969        87.3729
0.770513        89.571
0.809017        91.59
0.844328        93.4186
0.876307        95.0495
0.904827        96.4791
0.929776        97.707
0.951057        98.7353
0.968583        99.5677
0.982287        100.209
0.992115        100.663
0.998027        100.933
1        101.023

W=1686
-0.998027        5.70389
-0.992115        6.04722
-0.982287        6.61676
-0.968583        7.40836
-0.951057        8.41588
-0.929776        9.63098
-0.904827        11.043
-0.876307        12.6386
-0.844328        14.4024
-0.809017        16.3166
-0.770513        18.3618
-0.728969        20.5176
-0.684547        22.7635
-0.637424        25.0798
-0.587785        27.4485
-0.535827        29.8544
-0.481754        32.2858
-0.425779        34.7351
-0.368125        37.1988
-0.309017        39.6777
-0.24869        42.1764
-0.187381        44.702
-0.125333        47.2638
-0.0627905        49.8712
-1.60812e-16        52.5328
0.0627905        55.255
0.125333        58.0405
0.187381        60.8879
0.24869        63.7906
0.309017        66.7366
0.368125        69.7092
0.425779        72.6872
0.481754        75.6457
0.535827        78.5576
0.587785        81.3948
0.637424        84.1295
0.684547        86.7353
0.728969        89.1888
0.770513        91.47
0.809017        93.563
0.844328        95.4565
0.876307        97.1432
0.904827        98.62
0.929776        99.887
0.951057        100.947
0.968583        101.804
0.982287        102.463
0.992115        102.93
0.998027        103.208
1        103.301

W=1687
-0.998027        5.4481
-0.992115        5.79219
-0.982287        6.36314
-0.968583        7.15697
-0.951057        8.16776
-0.929776        9.3874
-0.904827        10.8054
-0.876307        12.4088
-0.844328        14.1821
-0.809017        16.1077
-0.770513        18.1663
-0.728969        20.3373
-0.684547        22.6003
-0.637424        24.9353
-0.587785        27.3244
-0.535827        29.7524
-0.481754        32.2075
-0.425779        34.6822
-0.368125        37.1733
-0.309017        39.6819
-0.24869        42.2129
-0.187381        44.7738
-0.125333        47.3741
-0.0627905        50.0237
-1.60812e-16        52.7313
0.0627905        55.5033
0.125333        58.3424
0.187381        61.2467
0.24869        64.2091
0.309017        67.2172
0.368125        70.2533
0.425779        73.2951
0.481754        76.3171
0.535827        79.2909
0.587785        82.1877
0.637424        84.9787
0.684547        87.637
0.728969        90.1385
0.770513        92.463
0.809017        94.5944
0.844328        96.5212
0.876307        98.2365
0.904827        99.7373
0.929776        101.024
0.951057        102.1
0.968583        102.969
0.982287        103.638
0.992115        104.111
0.998027        104.393
1        104.486

W=1689
-0.998027        4.63764
-0.992115        4.97443
-0.982287        5.5338
-0.968583        6.31256
-0.951057        7.30586
-0.929776        8.50684
-0.904827        9.90633
-0.876307        11.4927
-0.844328        13.2517
-0.809017        15.1671
-0.770513        17.2203
-0.728969        19.392
-0.684547        21.6621
-0.637424        24.0116
-0.587785        26.423
-0.535827        28.8814
-0.481754        31.3757
-0.425779        33.8988
-0.368125        36.4479
-0.309017        39.0246
-0.24869        41.634
-0.187381        44.2843
-0.125333        46.9848
-0.0627905        49.7454
-1.60812e-16        52.5745
0.0627905        55.4776
0.125333        58.4563
0.187381        61.5072
0.24869        64.6213
0.309017        67.7841
0.368125        70.9754
0.425779        74.1705
0.481754        77.3413
0.535827        80.4574
0.587785        83.4875
0.637424        86.4014
0.684547        89.1709
0.728969        91.771
0.770513        94.1811
0.809017        96.3853
0.844328        98.3728
0.876307        100.137
0.904827        101.677
0.929776        102.994
0.951057        104.092
0.968583        104.978
0.982287        105.658
0.992115        106.138
0.998027        106.424
1        106.519

W=1693.5
-0.998027        2.35472
-0.992115        2.65978
-0.982287        3.16736
-0.968583        3.87586
-0.951057        4.7824
-0.929776        5.88237
-0.904827        7.16895
-0.876307        8.63275
-0.844328        10.2616
-0.809017        12.0408
-0.770513        13.9534
-0.728969        15.9808
-0.684547        18.104
-0.637424        20.3042
-0.587785        22.5647
-0.535827        24.8713
-0.481754        27.214
-0.425779        29.5869
-0.368125        31.9891
-0.309017        34.4242
-0.24869        36.8997
-0.187381        39.426
-0.125333        42.0151
-0.0627905        44.6786
-1.60812e-16        47.4264
0.0627905        50.2648
0.125333        53.1952
0.187381        56.2134
0.24869        59.3083
0.309017        62.4626
0.368125        65.6531
0.425779        68.8515
0.481754        72.0258
0.535827        75.1421
0.587785        78.1662
0.637424        81.0652
0.684547        83.8095
0.728969        86.3735
0.770513        88.7368
0.809017        90.8847
0.844328        92.8082
0.876307        94.5037
0.904827        95.9724
0.929776        97.2191
0.951057        98.2514
0.968583        99.0785
0.982287        99.7097
0.992115        100.154
0.998027        100.417
1        100.504

W=1698
-0.998027        2.29367
-0.992115        2.61334
-0.982287        3.14501
-0.968583        3.88667
-0.951057        4.83483
-0.929776        5.984
-0.904827        7.32617
-0.876307        8.85048
-0.844328        10.543
-0.809017        12.387
-0.770513        14.3632
-0.728969        16.4509
-0.684547        18.6284
-0.637424        20.8753
-0.587785        23.1726
-0.535827        25.5051
-0.481754        27.8618
-0.425779        30.2368
-0.368125        32.6297
-0.309017        35.0454
-0.24869        37.4931
-0.187381        39.9857
-0.125333        42.5376
-0.0627905        45.1633
-1.60812e-16        47.8755
0.0627905        50.6829
0.125333        53.5891
0.187381        56.5915
0.24869        59.6802
0.309017        62.8383
0.368125        66.0425
0.425779        69.2639
0.481754        72.4696
0.535827        75.6244
0.587785        78.6924
0.637424        81.6393
0.684547        84.4339
0.728969        87.049
0.770513        89.4631
0.809017        91.6601
0.844328        93.6303
0.876307        95.3692
0.904827        96.8774
0.929776        98.1592
0.951057        99.2218
0.968583        100.074
0.982287        100.725
0.992115        101.183
0.998027        101.455
1        101.546

W=1701
-0.998027        1.89285
-0.992115        2.20039
-0.982287        2.71283
-0.968583        3.42953
-0.951057        4.34873
-0.929776        5.46676
-0.904827        6.77747
-0.876307        8.27157
-0.844328        9.93638
-0.809017        11.7559
-0.770513        13.7112
-0.728969        15.7814
-0.684547        17.9445
-0.637424        20.1793
-0.587785        22.4665
-0.535827        24.7904
-0.481754        27.1402
-0.425779        29.5107
-0.368125        31.9025
-0.309017        34.3223
-0.24869        36.7817
-0.187381        39.2957
-0.125333        41.8814
-0.0627905        44.5554
-1.60812e-16        47.3323
0.0627905        50.2218
0.125333        53.2279
0.187381        56.3471
0.24869        59.5678
0.309017        62.8708
0.368125        66.2296
0.425779        69.6115
0.481754        72.9798
0.535827        76.2954
0.587785        79.5192
0.637424        82.6137
0.684547        85.5454
0.728969        88.2854
0.770513        90.8113
0.809017        93.1067
0.844328        95.162
0.876307        96.9734
0.904827        98.5423
0.929776        99.8741
0.951057        100.977
0.968583        101.861
0.982287        102.536
0.992115        103.011
0.998027        103.292
1        103.386

W=1707
-0.998027        1.10394
-0.992115        1.38686
-0.982287        1.85953
-0.968583        2.52307
-0.951057        3.37785
-0.929776        4.42259
-0.904827        5.6534
-0.876307        7.063
-0.844328        8.64025
-0.809017        10.3701
-0.770513        12.2338
-0.728969        14.2103
-0.684547        16.277
-0.637424        18.4117
-0.587785        20.5942
-0.535827        22.8084
-0.481754        25.0431
-0.425779        27.2939
-0.368125        29.5628
-0.309017        31.8584
-0.24869        34.1951
-0.187381        36.5911
-0.125333        39.0668
-0.0627905        41.6421
-1.60812e-16        44.3342
0.0627905        47.155
0.125333        50.1097
0.187381        53.1948
0.24869        56.3981
0.309017        59.6984
0.368125        63.0668
0.425779        66.4676
0.481754        69.8608
0.535827        73.204
0.587785        76.4553
0.637424        79.5749
0.684547        82.5274
0.728969        85.2829
0.770513        87.8186
0.809017        90.1185
0.844328        92.1734
0.876307        93.9807
0.904827        95.543
0.929776        96.8666
0.951057        97.961
0.968583        98.8368
0.982287        99.5047
0.992115        99.974
0.998027        100.252
1        100.345

W=1724
-0.998027        1.58203
-0.992115        1.75959
-0.982287        2.06356
-0.968583        2.50459
-0.951057        3.09499
-0.929776        3.84656
-0.904827        4.76831
-0.876307        5.8644
-0.844328        7.1326
-0.809017        8.56353
-0.770513        10.1407
-0.728969        11.8416
-0.684547        13.6395
-0.637424        15.5061
-0.587785        17.4143
-0.535827        19.3415
-0.481754        21.2719
-0.425779        23.1983
-0.368125        25.124
-0.309017        27.062
-0.24869        29.0339
-0.187381        31.0683
-0.125333        33.1973
-0.0627905        35.4532
-1.60812e-16        37.865
0.0627905        40.4546
0.125333        43.235
0.187381        46.2075
0.24869        49.3616
0.309017        52.6752
0.368125        56.1158
0.425779        59.643
0.481754        63.211
0.535827        66.7719
0.587785        70.2782
0.637424        73.6854
0.684547        76.9541
0.728969        80.051
0.770513        82.9494
0.809017        85.629
0.844328        88.0752
0.876307        90.2779
0.904827        92.2306
0.929776        93.9291
0.951057        95.3706
0.968583        96.5531
0.982287        97.4748
0.992115        98.1345
0.998027        98.5307
1        98.6629

W=1742
-0.998027        3.43163
-0.992115        3.49148
-0.982287        3.60728
-0.968583        3.80094
-0.951057        4.09899
-0.929776        4.52909
-0.904827        5.1163
-0.876307        5.87961
-0.844328        6.82914
-0.809017        7.96444
-0.770513        9.274
-0.728969        10.7362
-0.684547        12.3216
-0.637424        13.996
-0.587785        15.7248
-0.535827        17.4767
-0.481754        19.2278
-0.425779        20.9644
-0.368125        22.6853
-0.309017        24.4017
-0.24869        26.1367
-0.187381        27.9227
-0.125333        29.7976
-0.0627905        31.8013
-1.60812e-16        33.9707
0.0627905        36.3363
0.125333        38.9184
0.187381        41.7252
0.24869        44.7522
0.309017        47.9823
0.368125        51.3876
0.425779        54.932
0.481754        58.5741
0.535827        62.2701
0.587785        65.9767
0.637424        69.6529
0.684547        73.2615
0.728969        76.7692
0.770513        80.1465
0.809017        83.366
0.844328        86.402
0.876307        89.2288
0.904827        91.8196
0.929776        94.1467
0.951057        96.1814
0.968583        97.8953
0.982287        99.2612
0.992115        100.256
0.998027        100.86
1        101.063

W=1758
-0.998027        6.53902
-0.992115        6.44629
-0.982287        6.31726
-0.968583        6.18715
-0.951057        6.09959
-0.929776        6.10164
-0.904827        6.23853
-0.876307        6.54865
-0.844328        7.05926
-0.809017        7.78366
-0.770513        8.71993
-0.728969        9.85155
-0.684547        11.1497
-0.637424        12.577
-0.587785        14.0924
-0.535827        15.6562
-0.481754        17.2352
-0.425779        18.8066
-0.368125        20.3609
-0.309017        21.903
-0.24869        23.4515
-0.187381        25.0366
-0.125333        26.696
-0.0627905        28.4713
-1.60812e-16        30.4027
0.0627905        32.5247
0.125333        34.8631
0.187381        37.4326
0.24869        40.2359
0.309017        43.2648
0.368125        46.5014
0.425779        49.9211
0.481754        53.4951
0.535827        57.193
0.587785        60.9848
0.637424        64.8415
0.684547        68.7353
0.728969        72.638
0.770513        76.5197
0.809017        80.3461
0.844328        84.0771
0.876307        87.665
0.904827        91.0545
0.929776        94.1837
0.951057        96.9864
0.968583        99.3953
0.982287        101.347
0.992115        102.785
0.998027        103.667
1        103.964

W=1792
-0.998027        14.4181
-0.992115        13.9911
-0.982287        13.3229
-0.968583        12.4748
-0.951057        11.524
-0.929776        10.5565
-0.904827        9.65946
-0.876307        8.91315
-0.844328        8.38398
-0.809017        8.11937
-0.770513        8.14461
-0.728969        8.46214
-0.684547        9.05336
-0.637424        9.88251
-0.587785        10.9021
-0.535827        12.0595
-0.481754        13.3032
-0.425779        14.5888
-0.368125        15.8832
-0.309017        17.1676
-0.24869        18.4381
-0.187381        19.7044
-0.125333        20.9872
-0.0627905        22.3147
-1.60812e-16        23.7187
0.0627905        25.2313
0.125333        26.8821
0.187381        28.6974
0.24869        30.6997
0.309017        32.9092
0.368125        35.3456
0.425779        38.0292
0.481754        40.9826
0.535827        44.2299
0.587785        47.7955
0.637424        51.6999
0.684547        55.955
0.728969        60.5582
0.770513        65.4859
0.809017        70.6888
0.844328        76.0877
0.876307        81.573
0.904827        87.0065
0.929776        92.2268
0.951057        97.0582
0.968583        101.321
0.982287        104.845
0.992115        107.48
0.998027        109.11
1        109.662

W=1797
-0.998027        15.4391
-0.992115        14.9738
-0.982287        14.2437
-0.968583        13.3124
-0.951057        12.2602
-0.929776        11.1774
-0.904827        10.1553
-0.876307        9.27876
-0.844328        8.61882
-0.809017        8.22717
-0.770513        8.13285
-0.728969        8.34145
-0.684547        8.8366
-0.637424        9.58389
-0.587785        10.5362
-0.535827        11.6403
-0.481754        12.8431
-0.425779        14.098
-0.368125        15.3691
-0.309017        16.6342
-0.24869        17.8857
-0.187381        19.1297
-0.125333        20.3833
-0.0627905        21.6716
-1.60812e-16        23.0238
0.0627905        24.4703
0.125333        26.0402
0.187381        27.7604
0.24869        29.6557
0.309017        31.7502
0.368125        34.0688
0.425779        36.6387
0.481754        39.4902
0.535827        42.6561
0.587785        46.169
0.637424        50.0575
0.684547        54.3398
0.728969        59.0176
0.770513        64.069
0.809017        69.4428
0.844328        75.0549
0.876307        80.7873
0.904827        86.4901
0.929776        91.9885
0.951057        97.0912
0.968583        101.603
0.982287        105.339
0.992115        108.135
0.998027        109.867
1        110.453

W=1819
-0.998027        19.6336
-0.992115        19.0271
-0.982287        18.0659
-0.968583        16.8203
-0.951057        15.3797
-0.929776        13.8457
-0.904827        12.3233
-0.876307        10.9128
-0.844328        9.70154
-0.809017        8.75817
-0.770513        8.12826
-0.728969        7.83258
-0.684547        7.86777
-0.637424        8.2094
-0.587785        8.81672
-0.535827        9.63866
-0.481754        10.6201
-0.425779        11.7081
-0.368125        12.8564
-0.309017        14.0292
-0.24869        15.2027
-0.187381        16.365
-0.125333        17.5152
-0.0627905        18.6608
-1.60812e-16        19.8162
0.0627905        21.0002
0.125333        22.2357
0.187381        23.5495
0.24869        24.9735
0.309017        26.5467
0.368125        28.3162
0.425779        30.3384
0.481754        32.6785
0.535827        35.4071
0.587785        38.5956
0.637424        42.3085
0.684547        46.5942
0.728969        51.4754
0.770513        56.9393
0.809017        62.93
0.844328        69.3439
0.876307        76.0286
0.904827        82.7873
0.929776        89.3877
0.951057        95.5747
0.968583        101.087
0.982287        105.678
0.992115        109.128
0.998027        111.27
1        111.997

W=1825
-0.998027        20.4152
-0.992115        19.7861
-0.982287        18.7877
-0.968583        17.4908
-0.951057        15.9862
-0.929776        14.3768
-0.904827        12.7696
-0.876307        11.2669
-0.844328        9.95905
-0.809017        8.91743
-0.770513        8.19068
-0.728969        7.80253
-0.684547        7.75236
-0.637424        8.01802
-0.587785        8.56045
-0.535827        9.3295
-0.481754        10.2702
-0.425779        11.3289
-0.368125        12.4577
-0.309017        13.6187
-0.24869        14.785
-0.187381        15.9416
-0.125333        17.0841
-0.0627905        18.2168
-1.60812e-16        19.3507
0.0627905        20.5025
0.125333        21.6934
0.187381        22.9497
0.24869        24.3044
0.309017        25.7986
0.368125        27.4832
0.425779        29.4199
0.481754        31.6797
0.535827        34.3404
0.587785        37.4802
0.637424        41.1704
0.684547        45.4651
0.728969        50.3909
0.770513        55.937
0.809017        62.0468
0.844328        68.6132
0.876307        75.4777
0.904827        82.435
0.929776        89.242
0.951057        95.632
0.968583        101.332
0.982287        106.082
0.992115        109.655
0.998027        111.874
1        112.626

W=1845.5
-0.998027        22.8568
-0.992115        22.1687
-0.982287        21.0713
-0.968583        19.6351
-0.951057        17.9507
-0.929776        16.1222
-0.904827        14.2591
-0.876307        12.4685
-0.844328        10.8471
-0.809017        9.47479
-0.770513        8.41031
-0.728969        7.68828
-0.684547        7.31906
-0.637424        7.29066
-0.587785        7.57249
-0.535827        8.12047
-0.481754        8.88272
-0.425779        9.80521
-0.368125        10.8367
-0.309017        11.9323
-0.24869        13.056
-0.187381        14.1814
-0.125333        15.2917
-0.0627905        16.3784
-1.60812e-16        17.441
0.0627905        18.4861
0.125333        19.528
0.187381        20.59
0.24869        21.7062
0.309017        22.9241
0.368125        24.3059
0.425779        25.9293
0.481754        27.8855
0.535827        30.2748
0.587785        33.1993
0.637424        36.7531
0.684547        41.0099
0.728969        46.0112
0.770513        51.7537
0.809017        58.1803
0.844328        65.1742
0.876307        72.5584
0.904827        80.1009
0.929776        87.5254
0.951057        94.5279
0.968583        100.797
0.982287        106.035
0.992115        109.982
0.998027        112.436
1        113.269

W=1879
-0.998027        25.4698
-0.992115        24.7596
-0.982287        23.6187
-0.968583        22.1082
-0.951057        20.3084
-0.929776        18.3136
-0.904827        16.2259
-0.876307        14.1492
-0.844328        12.1819
-0.809017        10.4114
-0.770513        8.90838
-0.728969        7.72385
-0.684547        6.8867
-0.637424        6.40401
-0.587785        6.26282
-0.535827        6.43361
-0.481754        6.87463
-0.425779        7.53683
-0.368125        8.36846
-0.309017        9.31913
-0.24869        10.3428
-0.187381        11.3995
-0.125333        12.4566
-0.0627905        13.4893
-1.60812e-16        14.4804
0.0627905        15.4221
0.125333        16.3168
0.187381        17.18
0.24869        18.043
0.309017        18.9561
0.368125        19.9907
0.425779        21.2394
0.481754        22.8141
0.535827        24.8403
0.587785        27.4475
0.637424        30.7578
0.684547        34.8709
0.728969        39.8487
0.770513        45.7015
0.809017        52.3761
0.844328        59.749
0.876307        67.6254
0.904827        75.7456
0.929776        83.7972
0.951057        91.4343
0.968583        98.3008
0.982287        104.057
0.992115        108.404
0.998027        111.111
1        112.031

W=1909
-0.998027        26.8313
-0.992115        26.1395
-0.982287        25.0215
-0.968583        23.5279
-0.951057        21.7268
-0.929776        19.7003
-0.904827        17.5406
-0.876307        15.3448
-0.844328        13.2097
-0.809017        11.2255
-0.770513        9.47106
-0.728969        8.00859
-0.684547        6.88073
-0.637424        6.10887
-0.587785        5.69342
-0.535827        5.61586
-0.481754        5.84229
-0.425779        6.32786
-0.368125        7.02147
-0.309017        7.8702
-0.24869        8.82301
-0.187381        9.83334
-0.125333        10.8609
-0.0627905        11.8725
-1.60812e-16        12.8433
0.0627905        13.758
0.125333        14.6123
0.187381        15.4164
0.24869        16.1982
0.309017        17.0065
0.368125        17.9142
0.425779        19.0189
0.481754        20.4407
0.535827        22.3162
0.587785        24.7894
0.637424        27.9976
0.684547        32.0558
0.728969        37.0398
0.770513        42.9697
0.809017        49.7972
0.844328        57.3974
0.876307        65.5671
0.904827        74.0317
0.929776        82.4582
0.951057        90.476
0.968583        97.7026
0.982287        103.772
0.992115        108.362
0.998027        111.222
1        112.194

W=1930
-0.998027        27.2858
-0.992115        26.6362
-0.982287        25.5799
-0.968583        24.1562
-0.951057        22.4195
-0.929776        20.4382
-0.904827        18.2925
-0.876307        16.071
-0.844328        13.8661
-0.809017        11.769
-0.770513        9.86386
-0.728969        8.22178
-0.684547        6.89662
-0.637424        5.92165
-0.587785        5.30837
-0.535827        5.04741
-0.481754        5.11129
-0.425779        5.45864
-0.368125        6.03913
-0.309017        6.79844
-0.24869        7.68262
-0.187381        8.64139
-0.125333        9.63042
-0.0627905        10.6127
-1.60812e-16        11.5595
0.0627905        12.4517
0.125333        13.2812
0.187381        14.0546
0.24869        14.7959
0.309017        15.5511
0.368125        16.391
0.425779        17.4131
0.481754        18.7392
0.535827        20.5109
0.587785        22.8787
0.637424        25.9893
0.684547        29.9676
0.728969        34.8995
0.770513        40.8135
0.809017        47.6673
0.844328        55.3378
0.876307        63.6199
0.904827        72.232
0.929776        80.8307
0.951057        89.0316
0.968583        96.4369
0.982287        102.665
0.992115        107.38
0.998027        110.32
1        111.319

W=1934
-0.998027        26.9914
-0.992115        26.3785
-0.982287        25.3782
-0.968583        24.0226
-0.951057        22.3577
-0.929776        20.4431
-0.904827        18.3509
-0.876307        16.1633
-0.844328        13.9691
-0.809017        11.8584
-0.770513        9.91672
-0.728969        8.21882
-0.684547        6.82358
-0.637424        5.76989
-0.587785        5.07468
-0.535827        4.73317
-0.481754        4.72128
-0.425779        4.9997
-0.368125        5.51897
-0.309017        6.22469
-0.24869        7.06231
-0.187381        7.98073
-0.125333        8.9348
-0.0627905        9.88679
-1.60812e-16        10.8073
0.0627905        11.6761
0.125333        12.4843
0.187381        13.2364
0.24869        13.9544
0.309017        14.6816
0.368125        15.4862
0.425779        16.4631
0.481754        17.7326
0.535827        19.4352
0.587785        21.7225
0.637424        24.7425
0.684547        28.6235
0.728969        33.4549
0.770513        39.2696
0.809017        46.029
0.844328        53.6137
0.876307        61.8208
0.904827        70.3704
0.929776        78.9191
0.951057        87.082
0.968583        94.4598
0.982287        100.669
0.992115        105.372
0.998027        108.306
1        109.303

W=1938
-0.998027        27.2291
-0.992115        26.6108
-0.982287        25.6017
-0.968583        24.2342
-0.951057        22.5546
-0.929776        20.6232
-0.904827        18.5125
-0.876307        16.3056
-0.844328        14.0922
-0.809017        11.9629
-0.770513        10.0041
-0.728969        8.2912
-0.684547        6.88368
-0.637424        5.82071
-0.587785        5.11937
-0.535827        4.77486
-0.481754        4.76286
-0.425779        5.04374
-0.368125        5.56757
-0.309017        6.27951
-0.24869        7.12451
-0.187381        8.05102
-0.125333        9.01349
-0.0627905        9.97386
-1.60812e-16        10.9024
0.0627905        11.7789
0.125333        12.5942
0.187381        13.353
0.24869        14.0773
0.309017        14.8109
0.368125        15.6226
0.425779        16.6081
0.481754        17.8887
0.535827        19.6064
0.587785        21.9138
0.637424        24.9604
0.684547        28.8756
0.728969        33.7496
0.770513        39.6155
0.809017        46.4344
0.844328        54.0859
0.876307        62.3653
0.904827        70.9902
0.929776        79.6141
0.951057        87.8489
0.968583        95.2917
0.982287        101.555
0.992115        106.3
0.998027        109.26
1        110.266

W=1966
-0.998027        26.808
-0.992115        26.3029
-0.982287        25.465
-0.968583        24.3034
-0.951057        22.8364
-0.929776        21.0957
-0.904827        19.129
-0.876307        17.0009
-0.844328        14.7909
-0.809017        12.5896
-0.770513        10.4911
-0.728969        8.58571
-0.684547        6.95126
-0.637424        5.64621
-0.587785        4.7049
-0.535827        4.13578
-0.481754        3.92282
-0.425779        4.02968
-0.368125        4.40578
-0.309017        4.99309
-0.24869        5.73254
-0.187381        6.56908
-0.125333        7.45491
-0.0627905        8.35103
-1.60812e-16        9.22754
0.0627905        10.0637
0.125333        10.8486
0.187381        11.5829
0.24869        12.2828
0.309017        12.9841
0.368125        13.7473
0.425779        14.6611
0.481754        15.8425
0.535827        17.4334
0.587785        19.5914
0.637424        22.476
0.684547        26.2299
0.728969        30.959
0.770513        36.7117
0.809017        43.4617
0.844328        51.0966
0.876307        59.4141
0.904827        68.1274
0.929776        76.88
0.951057        85.2686
0.968583        92.8727
0.982287        99.2864
0.992115        104.152
0.998027        107.191
1        108.224

W=1973
-0.998027        26.4175
-0.992115        25.9598
-0.982287        25.1942
-0.968583        24.1208
-0.951057        22.7474
-0.929776        21.0947
-0.904827        19.2007
-0.876307        17.1227
-0.844328        14.9365
-0.809017        12.7317
-0.770513        10.6056
-0.728969        8.65311
-0.684547        6.95865
-0.637424        5.58724
-0.587785        4.579
-0.535827        3.94665
-0.481754        3.67657
-0.425779        3.7331
-0.368125        4.06503
-0.309017        4.61306
-0.24869        5.3168
-0.187381        6.12042
-0.125333        6.97606
-0.0627905        7.84535
-1.60812e-16        8.69937
0.0627905        9.51818
0.125333        10.2909
0.187381        11.0174
0.24869        11.7115
0.309017        12.4058
0.368125        13.1571
0.425779        14.0504
0.481754        15.1999
0.535827        16.7464
0.587785        18.8483
0.637424        21.6675
0.684547        25.3512
0.728969        30.0105
0.770513        35.6996
0.809017        42.3971
0.844328        49.9942
0.876307        58.2905
0.904827        66.9991
0.929776        75.7613
0.951057        84.1703
0.968583        91.8005
0.982287        98.2415
0.992115        103.131
0.998027        106.185
1        107.224

W=1978
-0.998027        26.6526
-0.992115        26.1909
-0.982287        25.4184
-0.968583        24.3355
-0.951057        22.9499
-0.929776        21.2825
-0.904827        19.3716
-0.876307        17.2752
-0.844328        15.0694
-0.809017        12.8451
-0.770513        10.7
-0.728969        8.73014
-0.684547        7.02059
-0.637424        5.63698
-0.587785        4.61977
-0.535827        3.98179
-0.481754        3.7093
-0.425779        3.76633
-0.368125        4.10122
-0.309017        4.65412
-0.24869        5.36413
-0.187381        6.1749
-0.125333        7.03816
-0.0627905        7.91519
-1.60812e-16        8.77681
0.0627905        9.60291
0.125333        10.3825
0.187381        11.1155
0.24869        11.8158
0.309017        12.5163
0.368125        13.2743
0.425779        14.1755
0.481754        15.3352
0.535827        16.8955
0.587785        19.0161
0.637424        21.8603
0.684547        25.5768
0.728969        30.2777
0.770513        36.0174
0.809017        42.7745
0.844328        50.4393
0.876307        58.8094
0.904827        67.5956
0.929776        76.4358
0.951057        84.9196
0.968583        92.6178
0.982287        99.116
0.992115        104.049
0.998027        107.13
1        108.178

W=1999
-0.998027        25.9495
-0.992115        25.5892
-0.982287        24.9711
-0.968583        24.0758
-0.951057        22.8877
-0.929776        21.404
-0.904827        19.6423
-0.876307        17.6454
-0.844328        15.4819
-0.809017        13.2425
-0.770513        11.0319
-0.728969        8.95836
-0.684547        7.12141
-0.637424        5.60141
-0.587785        4.4512
-0.535827        3.69214
-0.481754        3.31459
-0.425779        3.28266
-0.368125        3.54192
-0.309017        4.02855
-0.24869        4.67803
-0.187381        5.43198
-0.125333        6.24223
-0.0627905        7.07202
-1.60812e-16        7.89511
0.0627905        8.69395
0.125333        9.45852
0.187381        10.1869
0.24869        10.8885
0.309017        11.5893
0.368125        12.3383
0.425779        13.2136
0.481754        14.3255
0.535827        15.8142
0.587785        17.8427
0.637424        20.5821
0.684547        24.1922
0.728969        28.7984
0.770513        34.4682
0.809017        41.1911
0.844328        48.8641
0.876307        57.2867
0.904827        66.1655
0.929776        75.1297
0.951057        83.7561
0.968583        91.6003
0.982287        98.2323
0.992115        103.272
0.998027        106.423
1        107.495

W=2026
-0.998027        24.2062
-0.992115        24.0231
-0.982287        23.6762
-0.968583        23.1135
-0.951057        22.2806
-0.929776        21.1357
-0.904827        19.662
-0.876307        17.8771
-0.844328        15.8364
-0.809017        13.63
-0.770513        11.3733
-0.728969        9.19317
-0.684547        7.21197
-0.637424        5.5323
-0.587785        4.22526
-0.535827        3.32398
-0.481754        2.82344
-0.425779        2.68608
-0.368125        2.85181
-0.309017        3.24995
-0.24869        3.81072
-0.187381        4.47402
-0.125333        5.19414
-0.0627905        5.94024
-1.60812e-16        6.69351
0.0627905        7.44279
0.125333        8.18085
0.187381        8.90331
0.24869        9.61125
0.309017        10.3176
0.368125        11.056
0.425779        11.8899
0.481754        12.9186
0.535827        14.2787
0.587785        16.1372
0.637424        18.6774
0.684547        22.0777
0.728969        26.4854
0.770513        31.9898
0.809017        38.5985
0.844328        46.2203
0.876307        54.6582
0.904827        63.6141
0.929776        72.705
0.951057        81.4897
0.968583        89.503
0.982287        96.2935
0.992115        101.462
0.998027        104.697
1        105.798

W=2059
-0.998027        22.348
-0.992115        22.3529
-0.982287        22.2935
-0.968583        22.0831
-0.951057        21.6265
-0.929776        20.8401
-0.904827        19.6714
-0.876307        18.1122
-0.844328        16.2052
-0.809017        14.041
-0.770513        11.7478
-0.728969        9.47293
-0.684547        7.36307
-0.637424        5.54388
-0.587785        4.10436
-0.535827        3.08802
-0.481754        2.49224
-0.425779        2.27532
-0.368125        2.36931
-0.309017        2.69537
-0.24869        3.17838
-0.187381        3.75769
-0.125333        4.39225
-0.0627905        5.0598
-1.60812e-16        5.75132
0.0627905        6.46346
0.125333        7.19185
0.187381        7.92815
0.24869        8.6625
0.309017        9.39169
0.368125        10.1311
0.425779        10.9281
0.481754        11.8717
0.535827        13.0973
0.587785        14.7806
0.637424        17.1231
0.684547        20.3275
0.728969        24.568
0.770513        29.9588
0.809017        36.5257
0.844328        44.187
0.876307        52.7444
0.904827        61.8886
0.929776        71.2171
0.951057        80.2642
0.968583        88.5381
0.982287        95.5619
0.992115        100.914
0.998027        104.266
1        105.407

W=2097
-0.998027        19.5149
-0.992115        19.7565
-0.982287        20.0603
-0.968583        20.2972
-0.951057        20.3222
-0.929776        20.0016
-0.904827        19.2395
-0.876307        17.9965
-0.844328        16.3
-0.809017        14.2415
-0.770513        11.9635
-0.728969        9.63719
-0.684547        7.43639
-0.637424        5.51157
-0.587785        3.96965
-0.535827        2.86276
-0.481754        2.18773
-0.425779        1.89564
-0.368125        1.9086
-0.309017        2.1397
-0.24869        2.51121
-0.187381        2.96731
-0.125333        3.47864
-0.0627905        4.03866
-1.60812e-16        4.65377
0.0627905        5.33081
0.125333        6.06645
0.187381        6.84233
0.24869        7.62834
0.309017        8.39426
0.368125        9.12733
0.425779        9.85159
0.481754        10.6437
0.535827        11.6404
0.587785        13.0336
0.637424        15.053
0.684547        17.9366
0.728969        21.8945
0.770513        27.0711
0.809017        33.5119
0.844328        41.1412
0.876307        49.7539
0.904827        59.0231
0.929776        68.5224
0.951057        77.7601
0.968583        86.2201
0.982287        93.4062
0.992115        98.883
0.998027        102.312
1        103.48

W=2104
-0.998027        18.7768
-0.992115        19.0697
-0.982287        19.4522
-0.968583        19.7867
-0.951057        19.9178
-0.929776        19.7016
-0.904827        19.033
-0.876307        17.8663
-0.844328        16.2255
-0.809017        14.2024
-0.770513        11.9419
-0.728969        9.61988
-0.684547        7.415
-0.637424        5.48206
-0.587785        3.93074
-0.535827        2.81406
-0.481754        2.12804
-0.425779        1.82187
-0.368125        1.81574
-0.309017        2.02169
-0.24869        2.36259
-0.187381        2.78506
-0.125333        3.26369
-0.0627905        3.79649
-1.60812e-16        4.39385
0.0627905        5.0648
0.125333        5.80555
0.187381        6.59428
0.24869        7.39493
0.309017        8.16981
0.368125        8.89876
0.425779        9.60004
0.481754        10.3475
0.535827        11.2785
0.587785        12.5895
0.637424        14.5168
0.684547        17.3069
0.728969        21.1776
0.770513        26.279
0.809017        32.6601
0.844328        40.2451
0.876307        48.8266
0.904827        58.0738
0.929776        67.5564
0.951057        76.7791
0.968583        85.2245
0.982287        92.3963
0.992115        97.8608
0.998027        101.282
1        102.446

W=2137
-0.998027        17.1201
-0.992115        17.5513
-0.982287        18.1456
-0.968583        18.7401
-0.951057        19.1498
-0.929776        19.2014
-0.904827        18.7649
-0.876307        17.7779
-0.844328        16.2571
-0.809017        14.2962
-0.770513        12.0506
-0.728969        9.71054
-0.684547        7.47014
-0.637424        5.4968
-0.587785        3.90754
-0.535827        2.75656
-0.481754        2.03574
-0.425779        1.68726
-0.368125        1.6246
-0.309017        1.75661
-0.24869        2.00857
-0.187381        2.33565
-0.125333        2.72567
-0.0627905        3.19141
-1.60812e-16        3.75557
0.0627905        4.43312
0.125333        5.21713
0.187381        6.07304
0.24869        6.94415
0.309017        7.76825
0.368125        8.50199
0.425779        9.14705
0.481754        9.77141
0.535827        10.5191
0.587785        11.6045
0.637424        13.2902
0.684547        15.8511
0.728969        19.5304
0.770513        24.4957
0.809017        30.8017
0.844328        38.3678
0.876307        46.9727
0.904827        56.2668
0.929776        65.8011
0.951057        75.0663
0.968583        83.5378
0.982287        90.719
0.992115        96.1816
0.998027        99.597
1        100.759

W=2159
-0.998027        16.193
-0.992115        16.6995
-0.982287        17.4089
-0.968583        18.1444
-0.951057        18.7048
-0.929776        18.901
-0.904827        18.5898
-0.876307        17.6999
-0.844328        16.2445
-0.809017        14.3194
-0.770513        12.0858
-0.728969        9.74199
-0.684547        7.49024
-0.637424        5.50392
-0.587785        3.90272
-0.535827        2.73986
-0.481754        2.00343
-0.425779        1.63068
-0.368125        1.5311
-0.309017        1.61244
-0.24869        1.80298
-0.187381        2.06499
-0.125333        2.39622
-0.0627905        2.82001
-1.60812e-16        3.36731
0.0627905        4.05658
0.125333        4.87787
0.187381        5.78702
0.24869        6.71256
0.309017        7.57527
0.368125        8.31613
0.425779        8.9261
0.481754        9.46987
0.535827        10.0965
0.587785        11.0328
0.637424        12.5582
0.684547        14.9654
0.728969        18.512
0.770513        23.3741
0.809017        29.6075
0.844328        37.1252
0.876307        45.6951
0.904827        54.9554
0.929776        64.4475
0.951057        73.6574
0.968583        82.0621
0.982287        89.173
0.992115        94.5729
0.998027        97.9448
1        99.0911

W=2181.5
-0.998027        14.8512
-0.992115        15.4374
-0.982287        16.2695
-0.968583        17.1572
-0.951057        17.8836
-0.929776        18.2439
-0.904827        18.082
-0.876307        17.3176
-0.844328        15.9605
-0.809017        14.1077
-0.770513        11.9251
-0.728969        9.618
-0.684547        7.3945
-0.637424        5.4316
-0.587785        3.84892
-0.535827        2.69599
-0.481754        1.95482
-0.425779        1.5564
-0.368125        1.40633
-0.309017        1.41302
-0.24869        1.51116
-0.187381        1.67475
-0.125333        1.91667
-0.0627905        2.27549
-1.60812e-16        2.79375
0.0627905        3.49441
0.125333        4.36307
0.187381        5.34198
0.24869        6.33922
0.309017        7.25211
0.368125        8.00003
0.425779        8.55867
0.481754        8.98693
0.535827        9.43846
0.587785        10.1532
0.637424        11.429
0.684547        13.5764
0.728969        16.8669
0.770513        21.4822
0.809017        27.4749
0.844328        34.7484
0.876307        43.0578
0.904827        52.0312
0.929776        61.2071
0.951057        70.0797
0.968583        78.1453
0.982287        84.9433
0.992115        90.0888
0.998027        93.2941
1        94.3824

W=2208
-0.998027        14.377
-0.992115        15.0103
-0.982287        15.914
-0.968583        16.8888
-0.951057        17.7074
-0.929776        18.1545
-0.904827        18.0654
-0.876307        17.3544
-0.844328        16.0294
-0.809017        14.1894
-0.770513        12.0052
-0.728969        9.6878
-0.684547        7.45125
-0.637424        5.4764
-0.587785        3.88399
-0.535827        2.7217
-0.481754        1.96752
-0.425779        1.54769
-0.368125        1.36421
-0.309017        1.32475
-0.24869        1.3671
-0.187381        1.47222
-0.125333        1.66257
-0.0627905        1.98679
-1.60812e-16        2.49532
0.0627905        3.21449
0.125333        4.12712
0.187381        5.1665
0.24869        6.22687
0.309017        7.18963
0.368125        7.9595
0.425779        8.50205
0.481754        8.87289
0.535827        9.22985
0.587785        9.82346
0.637424        10.9656
0.684547        12.9811
0.728969        16.1522
0.770513        20.665
0.809017        26.5699
0.844328        33.7621
0.876307        41.9855
0.904827        50.8579
0.929776        59.9119
0.951057        68.6429
0.968583        76.556
0.982287        83.2064
0.992115        88.2276
0.998027        91.3498
1        92.4088

W=2244
-0.998027        13.4204
-0.992115        14.0969
-0.982287        15.0689
-0.968583        16.1317
-0.951057        17.0511
-0.929776        17.6044
-0.904827        17.6197
-0.876307        17.0053
-0.844328        15.7651
-0.809017        13.9963
-0.770513        11.87
-0.728969        9.59913
-0.684547        7.39973
-0.637424        5.45368
-0.587785        3.88078
-0.535827        2.7256
-0.481754        1.96152
-0.425779        1.51013
-0.368125        1.27075
-0.309017        1.15222
-0.24869        1.09858
-0.187381        1.10203
-0.125333        1.1997
-0.0627905        1.4555
-1.60812e-16        1.93217
0.0627905        2.66198
0.125333        3.62504
0.187381        4.74271
0.24869        5.8898
0.309017        6.92418
0.368125        7.72749
0.425779        8.24719
0.481754        8.52894
0.535827        8.72998
0.587785        9.10833
0.637424        9.988
0.684547        11.7064
0.728969        14.5542
0.770513        18.7192
0.809017        24.2465
0.844328        31.0219
0.876307        38.7796
0.904827        47.1342
0.929776        55.6256
0.951057        63.7706
0.968583        71.1094
0.982287        77.2417
0.992115        81.8486
0.998027        84.7027
1        85.669

W=2259
-0.998027        13.3458
-0.992115        14.0311
-0.982287        15.0169
-0.968583        16.0973
-0.951057        17.0367
-0.929776        17.6105
-0.904827        17.6448
-0.876307        17.0462
-0.844328        15.8173
-0.809017        14.0547
-0.770513        11.9296
-0.728969        9.6559
-0.684547        7.45071
-0.637424        5.49717
-0.587785        3.91593
-0.535827        2.7518
-0.481754        1.97769
-0.425779        1.51436
-0.368125        1.26028
-0.309017        1.12402
-0.24869        1.05029
-0.187381        1.03313
-0.125333        1.11251
-0.0627905        1.35558
-1.60812e-16        1.82797
0.0627905        2.56361
0.125333        3.54233
0.187381        4.68306
0.24869        5.85626
0.309017        6.91424
0.368125        7.73297
0.425779        8.25534
0.481754        8.52437
0.535827        8.69715
0.587785        9.03377
0.637424        9.86189
0.684547        11.523
0.728969        14.3109
0.770513        18.4152
0.809017        23.8809
0.844328        30.5915
0.876307        38.279
0.904827        46.5556
0.929776        54.9613
0.951057        63.0152
0.968583        70.2627
0.982287        76.3111
0.992115        80.85
0.998027        83.6596
1        84.6104

W=2305
-0.998027        12.7071
-0.992115        13.3673
-0.982287        14.3222
-0.968583        15.3795
-0.951057        16.3169
-0.929776        16.9199
-0.904827        17.0186
-0.876307        16.5163
-0.844328        15.4063
-0.809017        13.7711
-0.770513        11.7674
-0.728969        9.59568
-0.684547        7.46441
-0.637424        5.55292
-0.587785        3.98292
-0.535827        2.80367
-0.481754        1.99411
-0.425779        1.48084
-0.368125        1.16709
-0.309017        0.964894
-0.24869        0.82186
-0.187381        0.735283
-0.125333        0.749582
-0.0627905        0.937711
-1.60812e-16        1.37173
0.0627905        2.0911
0.125333        3.07849
0.187381        4.25124
0.24869        5.47281
0.309017        6.5833
0.368125        7.44255
0.425779        7.97546
0.481754        8.20769
0.535827        8.28166
0.587785        8.44683
0.637424        9.02453
0.684547        10.3536
0.728969        12.7282
0.770513        16.3398
0.809017        21.2372
0.844328        27.3102
0.876307        34.3011
0.904827        41.8385
0.929776        49.4863
0.951057        56.7957
0.968583        63.3508
0.982287        68.8009
0.992115        72.8767
0.998027        75.393
1        76.2433

W=2316
-0.998027        12.644
-0.992115        13.2929
-0.982287        14.2326
-0.968583        15.2751
-0.951057        16.2026
-0.929776        16.8041
-0.904827        16.9115
-0.876307        16.4277
-0.844328        15.3431
-0.809017        13.7366
-0.770513        11.7602
-0.728969        9.61053
-0.684547        7.49338
-0.637424        5.58718
-0.587785        4.01442
-0.535827        2.82639
-0.481754        2.00466
-0.425779        1.47834
-0.368125        1.15247
-0.309017        0.939942
-0.24869        0.788357
-0.187381        0.694434
-0.125333        0.701926
-0.0627905        0.88345
-1.60812e-16        1.31131
0.0627905        2.02577
0.125333        3.01059
0.187381        4.18401
0.24869        5.40977
0.309017        6.52719
0.368125        7.39412
0.425779        7.93237
0.481754        8.16379
0.535827        8.22677
0.587785        8.3671
0.637424        8.90335
0.684547        10.1729
0.728969        12.4696
0.770513        15.9862
0.809017        20.774
0.844328        26.7262
0.876307        33.589
0.904827        40.996
0.929776        48.5159
0.951057        55.7051
0.968583        62.1529
0.982287        67.5135
0.992115        71.522
0.998027        73.9965
1        74.8326

W=2405
-0.998027        12.0247
-0.992115        12.5
-0.982287        13.1988
-0.968583        13.994
-0.951057        14.7321
-0.929776        15.255
-0.904827        15.4238
-0.876307        15.141
-0.844328        14.368
-0.809017        13.1324
-0.770513        11.5256
-0.728969        9.68746
-0.684547        7.78286
-0.637424        5.9728
-0.587785        4.38743
-0.535827        3.10633
-0.481754        2.15103
-0.425779        1.49129
-0.368125        1.06339
-0.309017        0.79526
-0.24869        0.631541
-0.187381        0.551204
-0.125333        0.572579
-0.0627905        0.744018
-1.60812e-16        1.1227
0.0627905        1.74785
0.125333        2.61663
0.187381        3.67102
0.24869        4.80105
0.309017        5.86573
0.368125        6.72775
0.425779        7.29392
0.481754        7.55095
0.535827        7.58668
0.587785        7.5898
0.637424        7.82632
0.684547        8.59647
0.728969        10.1807
0.770513        12.7863
0.809017        16.5048
0.844328        21.2902
0.876307        26.9603
0.904827        33.2194
0.929776        39.6969
0.951057        45.9928
0.968583        51.7197
0.982287        56.5372
0.992115        60.1727
0.998027        62.4311
1        63.1966

