W=1626
-1        5.76507
-0.959184        0
-0.918367        0
-0.877551        0
-0.836735        0
-0.795918        0
-0.755102        0
-0.714286        0
-0.673469        0
-0.632653        0
-0.591837        0
-0.55102        0
-0.510204        0
-0.469388        0
-0.428571        0
-0.387755        0
-0.346939        0
-0.306122        0
-0.265306        0
-0.22449        0
-0.183673        0
-0.142857        0
-0.102041        0
-0.0612245        0
-0.0204082        0
0.0204082        0
0.0612245        0
0.102041        0
0.142857        0
0.183673        0
0.22449        0
0.265306        0
0.306122        0
0.346939        0
0.387755        0
0.428571        0
0.469388        0
0.510204        0
0.55102        0
0.591837        0
0.632653        0
0.673469        0
0.714286        0
0.755102        0
0.795918        0
0.836735        0
0.877551        0
0.918367        0
0.959184        0
1        0

W=1642.23
-1        8.57909
-0.959184        0
-0.918367        0
-0.877551        0
-0.836735        0
-0.795918        0
-0.755102        0
-0.714286        0
-0.673469        0
-0.632653        0
-0.591837        0
-0.55102        0
-0.510204        0
-0.469388        0
-0.428571        0
-0.387755        0
-0.346939        0
-0.306122        0
-0.265306        0
-0.22449        0
-0.183673        0
-0.142857        0
-0.102041        0
-0.0612245        0
-0.0204082        0
0.0204082        0
0.0612245        0
0.102041        0
0.142857        0
0.183673        0
0.22449        0
0.265306        0
0.306122        0
0.346939        0
0.387755        0
0.428571        0
0.469388        0
0.510204        0
0.55102        0
0.591837        0
0.632653        0
0.673469        0
0.714286        0
0.755102        0
0.795918        0
0.836735        0
0.877551        0
0.918367        0
0.959184        0
1        0

W=1658.46
-1        9.79286
-0.959184        0
-0.918367        0
-0.877551        0
-0.836735        0
-0.795918        0
-0.755102        0
-0.714286        0
-0.673469        0
-0.632653        0
-0.591837        0
-0.55102        0
-0.510204        0
-0.469388        0
-0.428571        0
-0.387755        0
-0.346939        0
-0.306122        0
-0.265306        0
-0.22449        0
-0.183673        0
-0.142857        0
-0.102041        0
-0.0612245        0
-0.0204082        0
0.0204082        0
0.0612245        0
0.102041        0
0.142857        0
0.183673        0
0.22449        0
0.265306        0
0.306122        0
0.346939        0
0.387755        0
0.428571        0
0.469388        0
0.510204        0
0.55102        0
0.591837        0
0.632653        0
0.673469        0
0.714286        0
0.755102        0
0.795918        0
0.836735        0
0.877551        0
0.918367        0
0.959184        0
1        0

W=1674.69
-1        8.36379
-0.959184        0
-0.918367        0
-0.877551        0
-0.836735        0
-0.795918        0
-0.755102        0
-0.714286        0
-0.673469        0
-0.632653        0
-0.591837        0
-0.55102        0
-0.510204        0
-0.469388        0
-0.428571        0
-0.387755        0
-0.346939        0
-0.306122        0
-0.265306        0
-0.22449        0
-0.183673        0
-0.142857        0
-0.102041        0
-0.0612245        0
-0.0204082        0
0.0204082        0
0.0612245        0
0.102041        0
0.142857        0
0.183673        0
0.22449        0
0.265306        0
0.306122        0
0.346939        0
0.387755        0
0.428571        0
0.469388        0
0.510204        0
0.55102        0
0.591837        0
0.632653        0
0.673469        0
0.714286        0
0.755102        0
0.795918        0
0.836735        0
0.877551        0
0.918367        0
0.959184        0
1        0

W=1690.92
-1        3.66529
-0.959184        0
-0.918367        0
-0.877551        0
-0.836735        0
-0.795918        0
-0.755102        0
-0.714286        0
-0.673469        0
-0.632653        0
-0.591837        0
-0.55102        0
-0.510204        0
-0.469388        0
-0.428571        0
-0.387755        0
-0.346939        0
-0.306122        0
-0.265306        0
-0.22449        0
-0.183673        0
-0.142857        0
-0.102041        0
-0.0612245        0
-0.0204082        0
0.0204082        0
0.0612245        0
0.102041        0
0.142857        0
0.183673        0
0.22449        0
0.265306        0
0.306122        0
0.346939        0
0.387755        0
0.428571        0
0.469388        0
0.510204        0
0.55102        0
0.591837        0
0.632653        0
0.673469        0
0.714286        0
0.755102        0
0.795918        0
0.836735        0
0.877551        0
0.918367        0
0.959184        0
1        0

W=1707.15
-1        1.10804
-0.959184        0
-0.918367        0
-0.877551        0
-0.836735        0
-0.795918        0
-0.755102        0
-0.714286        0
-0.673469        0
-0.632653        0
-0.591837        0
-0.55102        0
-0.510204        0
-0.469388        0
-0.428571        0
-0.387755        0
-0.346939        0
-0.306122        0
-0.265306        0
-0.22449        0
-0.183673        0
-0.142857        0
-0.102041        0
-0.0612245        0
-0.0204082        0
0.0204082        0
0.0612245        0
0.102041        0
0.142857        0
0.183673        0
0.22449        0
0.265306        0
0.306122        0
0.346939        0
0.387755        0
0.428571        0
0.469388        0
0.510204        0
0.55102        0
0.591837        0
0.632653        0
0.673469        0
0.714286        0
0.755102        0
0.795918        0
0.836735        0
0.877551        0
0.918367        0
0.959184        0
1        0

W=1723.38
-1        1.56445
-0.959184        0
-0.918367        0
-0.877551        0
-0.836735        0
-0.795918        0
-0.755102        0
-0.714286        0
-0.673469        0
-0.632653        0
-0.591837        0
-0.55102        0
-0.510204        0
-0.469388        0
-0.428571        0
-0.387755        0
-0.346939        0
-0.306122        0
-0.265306        0
-0.22449        0
-0.183673        0
-0.142857        0
-0.102041        0
-0.0612245        0
-0.0204082        0
0.0204082        0
0.0612245        0
0.102041        0
0.142857        0
0.183673        0
0.22449        0
0.265306        0
0.306122        0
0.346939        0
0.387755        0
0.428571        0
0.469388        0
0.510204        0
0.55102        0
0.591837        0
0.632653        0
0.673469        0
0.714286        0
0.755102        0
0.795918        0
0.836735        0
0.877551        0
0.918367        0
0.959184        0
1        0

W=1739.6
-1        3.18544
-0.959184        0
-0.918367        0
-0.877551        0
-0.836735        0
-0.795918        0
-0.755102        0
-0.714286        0
-0.673469        0
-0.632653        0
-0.591837        0
-0.55102        0
-0.510204        0
-0.469388        0
-0.428571        0
-0.387755        0
-0.346939        0
-0.306122        0
-0.265306        0
-0.22449        0
-0.183673        0
-0.142857        0
-0.102041        0
-0.0612245        0
-0.0204082        0
0.0204082        0
0.0612245        0
0.102041        0
0.142857        0
0.183673        0
0.22449        0
0.265306        0
0.306122        0
0.346939        0
0.387755        0
0.428571        0
0.469388        0
0.510204        0
0.55102        0
0.591837        0
0.632653        0
0.673469        0
0.714286        0
0.755102        0
0.795918        0
0.836735        0
0.877551        0
0.918367        0
0.959184        0
1        0

W=1755.83
-1        6.11823
-0.959184        0
-0.918367        0
-0.877551        0
-0.836735        0
-0.795918        0
-0.755102        0
-0.714286        0
-0.673469        0
-0.632653        0
-0.591837        0
-0.55102        0
-0.510204        0
-0.469388        0
-0.428571        0
-0.387755        0
-0.346939        0
-0.306122        0
-0.265306        0
-0.22449        0
-0.183673        0
-0.142857        0
-0.102041        0
-0.0612245        0
-0.0204082        0
0.0204082        0
0.0612245        0
0.102041        0
0.142857        0
0.183673        0
0.22449        0
0.265306        0
0.306122        0
0.346939        0
0.387755        0
0.428571        0
0.469388        0
0.510204        0
0.55102        0
0.591837        0
0.632653        0
0.673469        0
0.714286        0
0.755102        0
0.795918        0
0.836735        0
0.877551        0
0.918367        0
0.959184        0
1        0

W=1772.06
-1        9.79783
-0.959184        0
-0.918367        0
-0.877551        0
-0.836735        0
-0.795918        0
-0.755102        0
-0.714286        0
-0.673469        0
-0.632653        0
-0.591837        0
-0.55102        0
-0.510204        0
-0.469388        0
-0.428571        0
-0.387755        0
-0.346939        0
-0.306122        0
-0.265306        0
-0.22449        0
-0.183673        0
-0.142857        0
-0.102041        0
-0.0612245        0
-0.0204082        0
0.0204082        0
0.0612245        0
0.102041        0
0.142857        0
0.183673        0
0.22449        0
0.265306        0
0.306122        0
0.346939        0
0.387755        0
0.428571        0
0.469388        0
0.510204        0
0.55102        0
0.591837        0
0.632653        0
0.673469        0
0.714286        0
0.755102        0
0.795918        0
0.836735        0
0.877551        0
0.918367        0
0.959184        0
1        0

W=1788.29
-1        13.5587
-0.959184        0
-0.918367        0
-0.877551        0
-0.836735        0
-0.795918        0
-0.755102        0
-0.714286        0
-0.673469        0
-0.632653        0
-0.591837        0
-0.55102        0
-0.510204        0
-0.469388        0
-0.428571        0
-0.387755        0
-0.346939        0
-0.306122        0
-0.265306        0
-0.22449        0
-0.183673        0
-0.142857        0
-0.102041        0
-0.0612245        0
-0.0204082        0
0.0204082        0
0.0612245        0
0.102041        0
0.142857        0
0.183673        0
0.22449        0
0.265306        0
0.306122        0
0.346939        0
0.387755        0
0.428571        0
0.469388        0
0.510204        0
0.55102        0
0.591837        0
0.632653        0
0.673469        0
0.714286        0
0.755102        0
0.795918        0
0.836735        0
0.877551        0
0.918367        0
0.959184        0
1        0

W=1804.52
-1        16.873
-0.959184        0
-0.918367        0
-0.877551        0
-0.836735        0
-0.795918        0
-0.755102        0
-0.714286        0
-0.673469        0
-0.632653        0
-0.591837        0
-0.55102        0
-0.510204        0
-0.469388        0
-0.428571        0
-0.387755        0
-0.346939        0
-0.306122        0
-0.265306        0
-0.22449        0
-0.183673        0
-0.142857        0
-0.102041        0
-0.0612245        0
-0.0204082        0
0.0204082        0
0.0612245        0
0.102041        0
0.142857        0
0.183673        0
0.22449        0
0.265306        0
0.306122        0
0.346939        0
0.387755        0
0.428571        0
0.469388        0
0.510204        0
0.55102        0
0.591837        0
0.632653        0
0.673469        0
0.714286        0
0.755102        0
0.795918        0
0.836735        0
0.877551        0
0.918367        0
0.959184        0
1        0

W=1820.75
-1        19.8616
-0.959184        0
-0.918367        0
-0.877551        0
-0.836735        0
-0.795918        0
-0.755102        0
-0.714286        0
-0.673469        0
-0.632653        0
-0.591837        0
-0.55102        0
-0.510204        0
-0.469388        0
-0.428571        0
-0.387755        0
-0.346939        0
-0.306122        0
-0.265306        0
-0.22449        0
-0.183673        0
-0.142857        0
-0.102041        0
-0.0612245        0
-0.0204082        0
0.0204082        0
0.0612245        0
0.102041        0
0.142857        0
0.183673        0
0.22449        0
0.265306        0
0.306122        0
0.346939        0
0.387755        0
0.428571        0
0.469388        0
0.510204        0
0.55102        0
0.591837        0
0.632653        0
0.673469        0
0.714286        0
0.755102        0
0.795918        0
0.836735        0
0.877551        0
0.918367        0
0.959184        0
1        0

W=1836.98
-1        21.8419
-0.959184        0
-0.918367        0
-0.877551        0
-0.836735        0
-0.795918        0
-0.755102        0
-0.714286        0
-0.673469        0
-0.632653        0
-0.591837        0
-0.55102        0
-0.510204        0
-0.469388        0
-0.428571        0
-0.387755        0
-0.346939        0
-0.306122        0
-0.265306        0
-0.22449        0
-0.183673        0
-0.142857        0
-0.102041        0
-0.0612245        0
-0.0204082        0
0.0204082        0
0.0612245        0
0.102041        0
0.142857        0
0.183673        0
0.22449        0
0.265306        0
0.306122        0
0.346939        0
0.387755        0
0.428571        0
0.469388        0
0.510204        0
0.55102        0
0.591837        0
0.632653        0
0.673469        0
0.714286        0
0.755102        0
0.795918        0
0.836735        0
0.877551        0
0.918367        0
0.959184        0
1        0

W=1853.21
-1        23.458
-0.959184        0
-0.918367        0
-0.877551        0
-0.836735        0
-0.795918        0
-0.755102        0
-0.714286        0
-0.673469        0
-0.632653        0
-0.591837        0
-0.55102        0
-0.510204        0
-0.469388        0
-0.428571        0
-0.387755        0
-0.346939        0
-0.306122        0
-0.265306        0
-0.22449        0
-0.183673        0
-0.142857        0
-0.102041        0
-0.0612245        0
-0.0204082        0
0.0204082        0
0.0612245        0
0.102041        0
0.142857        0
0.183673        0
0.22449        0
0.265306        0
0.306122        0
0.346939        0
0.387755        0
0.428571        0
0.469388        0
0.510204        0
0.55102        0
0.591837        0
0.632653        0
0.673469        0
0.714286        0
0.755102        0
0.795918        0
0.836735        0
0.877551        0
0.918367        0
0.959184        0
1        0

W=1869.44
-1        24.7239
-0.959184        0
-0.918367        0
-0.877551        0
-0.836735        0
-0.795918        0
-0.755102        0
-0.714286        0
-0.673469        0
-0.632653        0
-0.591837        0
-0.55102        0
-0.510204        0
-0.469388        0
-0.428571        0
-0.387755        0
-0.346939        0
-0.306122        0
-0.265306        0
-0.22449        0
-0.183673        0
-0.142857        0
-0.102041        0
-0.0612245        0
-0.0204082        0
0.0204082        0
0.0612245        0
0.102041        0
0.142857        0
0.183673        0
0.22449        0
0.265306        0
0.306122        0
0.346939        0
0.387755        0
0.428571        0
0.469388        0
0.510204        0
0.55102        0
0.591837        0
0.632653        0
0.673469        0
0.714286        0
0.755102        0
0.795918        0
0.836735        0
0.877551        0
0.918367        0
0.959184        0
1        0

W=1885.67
-1        25.7724
-0.959184        0
-0.918367        0
-0.877551        0
-0.836735        0
-0.795918        0
-0.755102        0
-0.714286        0
-0.673469        0
-0.632653        0
-0.591837        0
-0.55102        0
-0.510204        0
-0.469388        0
-0.428571        0
-0.387755        0
-0.346939        0
-0.306122        0
-0.265306        0
-0.22449        0
-0.183673        0
-0.142857        0
-0.102041        0
-0.0612245        0
-0.0204082        0
0.0204082        0
0.0612245        0
0.102041        0
0.142857        0
0.183673        0
0.22449        0
0.265306        0
0.306122        0
0.346939        0
0.387755        0
0.428571        0
0.469388        0
0.510204        0
0.55102        0
0.591837        0
0.632653        0
0.673469        0
0.714286        0
0.755102        0
0.795918        0
0.836735        0
0.877551        0
0.918367        0
0.959184        0
1        0

W=1901.9
-1        26.5089
-0.959184        0
-0.918367        0
-0.877551        0
-0.836735        0
-0.795918        0
-0.755102        0
-0.714286        0
-0.673469        0
-0.632653        0
-0.591837        0
-0.55102        0
-0.510204        0
-0.469388        0
-0.428571        0
-0.387755        0
-0.346939        0
-0.306122        0
-0.265306        0
-0.22449        0
-0.183673        0
-0.142857        0
-0.102041        0
-0.0612245        0
-0.0204082        0
0.0204082        0
0.0612245        0
0.102041        0
0.142857        0
0.183673        0
0.22449        0
0.265306        0
0.306122        0
0.346939        0
0.387755        0
0.428571        0
0.469388        0
0.510204        0
0.55102        0
0.591837        0
0.632653        0
0.673469        0
0.714286        0
0.755102        0
0.795918        0
0.836735        0
0.877551        0
0.918367        0
0.959184        0
1        0

W=1918.12
-1        27.0288
-0.959184        0
-0.918367        0
-0.877551        0
-0.836735        0
-0.795918        0
-0.755102        0
-0.714286        0
-0.673469        0
-0.632653        0
-0.591837        0
-0.55102        0
-0.510204        0
-0.469388        0
-0.428571        0
-0.387755        0
-0.346939        0
-0.306122        0
-0.265306        0
-0.22449        0
-0.183673        0
-0.142857        0
-0.102041        0
-0.0612245        0
-0.0204082        0
0.0204082        0
0.0612245        0
0.102041        0
0.142857        0
0.183673        0
0.22449        0
0.265306        0
0.306122        0
0.346939        0
0.387755        0
0.428571        0
0.469388        0
0.510204        0
0.55102        0
0.591837        0
0.632653        0
0.673469        0
0.714286        0
0.755102        0
0.795918        0
0.836735        0
0.877551        0
0.918367        0
0.959184        0
1        0

W=1934.35
-1        27.0124
-0.959184        0
-0.918367        0
-0.877551        0
-0.836735        0
-0.795918        0
-0.755102        0
-0.714286        0
-0.673469        0
-0.632653        0
-0.591837        0
-0.55102        0
-0.510204        0
-0.469388        0
-0.428571        0
-0.387755        0
-0.346939        0
-0.306122        0
-0.265306        0
-0.22449        0
-0.183673        0
-0.142857        0
-0.102041        0
-0.0612245        0
-0.0204082        0
0.0204082        0
0.0612245        0
0.102041        0
0.142857        0
0.183673        0
0.22449        0
0.265306        0
0.306122        0
0.346939        0
0.387755        0
0.428571        0
0.469388        0
0.510204        0
0.55102        0
0.591837        0
0.632653        0
0.673469        0
0.714286        0
0.755102        0
0.795918        0
0.836735        0
0.877551        0
0.918367        0
0.959184        0
1        0

W=1950.58
-1        27.0399
-0.959184        0
-0.918367        0
-0.877551        0
-0.836735        0
-0.795918        0
-0.755102        0
-0.714286        0
-0.673469        0
-0.632653        0
-0.591837        0
-0.55102        0
-0.510204        0
-0.469388        0
-0.428571        0
-0.387755        0
-0.346939        0
-0.306122        0
-0.265306        0
-0.22449        0
-0.183673        0
-0.142857        0
-0.102041        0
-0.0612245        0
-0.0204082        0
0.0204082        0
0.0612245        0
0.102041        0
0.142857        0
0.183673        0
0.22449        0
0.265306        0
0.306122        0
0.346939        0
0.387755        0
0.428571        0
0.469388        0
0.510204        0
0.55102        0
0.591837        0
0.632653        0
0.673469        0
0.714286        0
0.755102        0
0.795918        0
0.836735        0
0.877551        0
0.918367        0
0.959184        0
1        0

W=1966.81
-1        26.7627
-0.959184        0
-0.918367        0
-0.877551        0
-0.836735        0
-0.795918        0
-0.755102        0
-0.714286        0
-0.673469        0
-0.632653        0
-0.591837        0
-0.55102        0
-0.510204        0
-0.469388        0
-0.428571        0
-0.387755        0
-0.346939        0
-0.306122        0
-0.265306        0
-0.22449        0
-0.183673        0
-0.142857        0
-0.102041        0
-0.0612245        0
-0.0204082        0
0.0204082        0
0.0612245        0
0.102041        0
0.142857        0
0.183673        0
0.22449        0
0.265306        0
0.306122        0
0.346939        0
0.387755        0
0.428571        0
0.469388        0
0.510204        0
0.55102        0
0.591837        0
0.632653        0
0.673469        0
0.714286        0
0.755102        0
0.795918        0
0.836735        0
0.877551        0
0.918367        0
0.959184        0
1        0

W=1983.04
-1        26.4838
-0.959184        0
-0.918367        0
-0.877551        0
-0.836735        0
-0.795918        0
-0.755102        0
-0.714286        0
-0.673469        0
-0.632653        0
-0.591837        0
-0.55102        0
-0.510204        0
-0.469388        0
-0.428571        0
-0.387755        0
-0.346939        0
-0.306122        0
-0.265306        0
-0.22449        0
-0.183673        0
-0.142857        0
-0.102041        0
-0.0612245        0
-0.0204082        0
0.0204082        0
0.0612245        0
0.102041        0
0.142857        0
0.183673        0
0.22449        0
0.265306        0
0.306122        0
0.346939        0
0.387755        0
0.428571        0
0.469388        0
0.510204        0
0.55102        0
0.591837        0
0.632653        0
0.673469        0
0.714286        0
0.755102        0
0.795918        0
0.836735        0
0.877551        0
0.918367        0
0.959184        0
1        0

W=1999.27
-1        25.932
-0.959184        0
-0.918367        0
-0.877551        0
-0.836735        0
-0.795918        0
-0.755102        0
-0.714286        0
-0.673469        0
-0.632653        0
-0.591837        0
-0.55102        0
-0.510204        0
-0.469388        0
-0.428571        0
-0.387755        0
-0.346939        0
-0.306122        0
-0.265306        0
-0.22449        0
-0.183673        0
-0.142857        0
-0.102041        0
-0.0612245        0
-0.0204082        0
0.0204082        0
0.0612245        0
0.102041        0
0.142857        0
0.183673        0
0.22449        0
0.265306        0
0.306122        0
0.346939        0
0.387755        0
0.428571        0
0.469388        0
0.510204        0
0.55102        0
0.591837        0
0.632653        0
0.673469        0
0.714286        0
0.755102        0
0.795918        0
0.836735        0
0.877551        0
0.918367        0
0.959184        0
1        0

W=2015.5
-1        24.8841
-0.959184        0
-0.918367        0
-0.877551        0
-0.836735        0
-0.795918        0
-0.755102        0
-0.714286        0
-0.673469        0
-0.632653        0
-0.591837        0
-0.55102        0
-0.510204        0
-0.469388        0
-0.428571        0
-0.387755        0
-0.346939        0
-0.306122        0
-0.265306        0
-0.22449        0
-0.183673        0
-0.142857        0
-0.102041        0
-0.0612245        0
-0.0204082        0
0.0204082        0
0.0612245        0
0.102041        0
0.142857        0
0.183673        0
0.22449        0
0.265306        0
0.306122        0
0.346939        0
0.387755        0
0.428571        0
0.469388        0
0.510204        0
0.55102        0
0.591837        0
0.632653        0
0.673469        0
0.714286        0
0.755102        0
0.795918        0
0.836735        0
0.877551        0
0.918367        0
0.959184        0
1        0

W=2031.73
-1        23.8836
-0.959184        0
-0.918367        0
-0.877551        0
-0.836735        0
-0.795918        0
-0.755102        0
-0.714286        0
-0.673469        0
-0.632653        0
-0.591837        0
-0.55102        0
-0.510204        0
-0.469388        0
-0.428571        0
-0.387755        0
-0.346939        0
-0.306122        0
-0.265306        0
-0.22449        0
-0.183673        0
-0.142857        0
-0.102041        0
-0.0612245        0
-0.0204082        0
0.0204082        0
0.0612245        0
0.102041        0
0.142857        0
0.183673        0
0.22449        0
0.265306        0
0.306122        0
0.346939        0
0.387755        0
0.428571        0
0.469388        0
0.510204        0
0.55102        0
0.591837        0
0.632653        0
0.673469        0
0.714286        0
0.755102        0
0.795918        0
0.836735        0
0.877551        0
0.918367        0
0.959184        0
1        0

W=2047.96
-1        22.9697
-0.959184        0
-0.918367        0
-0.877551        0
-0.836735        0
-0.795918        0
-0.755102        0
-0.714286        0
-0.673469        0
-0.632653        0
-0.591837        0
-0.55102        0
-0.510204        0
-0.469388        0
-0.428571        0
-0.387755        0
-0.346939        0
-0.306122        0
-0.265306        0
-0.22449        0
-0.183673        0
-0.142857        0
-0.102041        0
-0.0612245        0
-0.0204082        0
0.0204082        0
0.0612245        0
0.102041        0
0.142857        0
0.183673        0
0.22449        0
0.265306        0
0.306122        0
0.346939        0
0.387755        0
0.428571        0
0.469388        0
0.510204        0
0.55102        0
0.591837        0
0.632653        0
0.673469        0
0.714286        0
0.755102        0
0.795918        0
0.836735        0
0.877551        0
0.918367        0
0.959184        0
1        0

W=2064.19
-1        21.9612
-0.959184        0
-0.918367        0
-0.877551        0
-0.836735        0
-0.795918        0
-0.755102        0
-0.714286        0
-0.673469        0
-0.632653        0
-0.591837        0
-0.55102        0
-0.510204        0
-0.469388        0
-0.428571        0
-0.387755        0
-0.346939        0
-0.306122        0
-0.265306        0
-0.22449        0
-0.183673        0
-0.142857        0
-0.102041        0
-0.0612245        0
-0.0204082        0
0.0204082        0
0.0612245        0
0.102041        0
0.142857        0
0.183673        0
0.22449        0
0.265306        0
0.306122        0
0.346939        0
0.387755        0
0.428571        0
0.469388        0
0.510204        0
0.55102        0
0.591837        0
0.632653        0
0.673469        0
0.714286        0
0.755102        0
0.795918        0
0.836735        0
0.877551        0
0.918367        0
0.959184        0
1        0

W=2080.42
-1        20.7513
-0.959184        0
-0.918367        0
-0.877551        0
-0.836735        0
-0.795918        0
-0.755102        0
-0.714286        0
-0.673469        0
-0.632653        0
-0.591837        0
-0.55102        0
-0.510204        0
-0.469388        0
-0.428571        0
-0.387755        0
-0.346939        0
-0.306122        0
-0.265306        0
-0.22449        0
-0.183673        0
-0.142857        0
-0.102041        0
-0.0612245        0
-0.0204082        0
0.0204082        0
0.0612245        0
0.102041        0
0.142857        0
0.183673        0
0.22449        0
0.265306        0
0.306122        0
0.346939        0
0.387755        0
0.428571        0
0.469388        0
0.510204        0
0.55102        0
0.591837        0
0.632653        0
0.673469        0
0.714286        0
0.755102        0
0.795918        0
0.836735        0
0.877551        0
0.918367        0
0.959184        0
1        0

W=2096.65
-1        19.5413
-0.959184        0
-0.918367        0
-0.877551        0
-0.836735        0
-0.795918        0
-0.755102        0
-0.714286        0
-0.673469        0
-0.632653        0
-0.591837        0
-0.55102        0
-0.510204        0
-0.469388        0
-0.428571        0
-0.387755        0
-0.346939        0
-0.306122        0
-0.265306        0
-0.22449        0
-0.183673        0
-0.142857        0
-0.102041        0
-0.0612245        0
-0.0204082        0
0.0204082        0
0.0612245        0
0.102041        0
0.142857        0
0.183673        0
0.22449        0
0.265306        0
0.306122        0
0.346939        0
0.387755        0
0.428571        0
0.469388        0
0.510204        0
0.55102        0
0.591837        0
0.632653        0
0.673469        0
0.714286        0
0.755102        0
0.795918        0
0.836735        0
0.877551        0
0.918367        0
0.959184        0
1        0

W=2112.88
-1        18.3312
-0.959184        0
-0.918367        0
-0.877551        0
-0.836735        0
-0.795918        0
-0.755102        0
-0.714286        0
-0.673469        0
-0.632653        0
-0.591837        0
-0.55102        0
-0.510204        0
-0.469388        0
-0.428571        0
-0.387755        0
-0.346939        0
-0.306122        0
-0.265306        0
-0.22449        0
-0.183673        0
-0.142857        0
-0.102041        0
-0.0612245        0
-0.0204082        0
0.0204082        0
0.0612245        0
0.102041        0
0.142857        0
0.183673        0
0.22449        0
0.265306        0
0.306122        0
0.346939        0
0.387755        0
0.428571        0
0.469388        0
0.510204        0
0.55102        0
0.591837        0
0.632653        0
0.673469        0
0.714286        0
0.755102        0
0.795918        0
0.836735        0
0.877551        0
0.918367        0
0.959184        0
1        0

W=2129.1
-1        17.5165
-0.959184        0
-0.918367        0
-0.877551        0
-0.836735        0
-0.795918        0
-0.755102        0
-0.714286        0
-0.673469        0
-0.632653        0
-0.591837        0
-0.55102        0
-0.510204        0
-0.469388        0
-0.428571        0
-0.387755        0
-0.346939        0
-0.306122        0
-0.265306        0
-0.22449        0
-0.183673        0
-0.142857        0
-0.102041        0
-0.0612245        0
-0.0204082        0
0.0204082        0
0.0612245        0
0.102041        0
0.142857        0
0.183673        0
0.22449        0
0.265306        0
0.306122        0
0.346939        0
0.387755        0
0.428571        0
0.469388        0
0.510204        0
0.55102        0
0.591837        0
0.632653        0
0.673469        0
0.714286        0
0.755102        0
0.795918        0
0.836735        0
0.877551        0
0.918367        0
0.959184        0
1        0

W=2145.33
-1        16.7689
-0.959184        0
-0.918367        0
-0.877551        0
-0.836735        0
-0.795918        0
-0.755102        0
-0.714286        0
-0.673469        0
-0.632653        0
-0.591837        0
-0.55102        0
-0.510204        0
-0.469388        0
-0.428571        0
-0.387755        0
-0.346939        0
-0.306122        0
-0.265306        0
-0.22449        0
-0.183673        0
-0.142857        0
-0.102041        0
-0.0612245        0
-0.0204082        0
0.0204082        0
0.0612245        0
0.102041        0
0.142857        0
0.183673        0
0.22449        0
0.265306        0
0.306122        0
0.346939        0
0.387755        0
0.428571        0
0.469388        0
0.510204        0
0.55102        0
0.591837        0
0.632653        0
0.673469        0
0.714286        0
0.755102        0
0.795918        0
0.836735        0
0.877551        0
0.918367        0
0.959184        0
1        0

W=2161.56
-1        16.0402
-0.959184        0
-0.918367        0
-0.877551        0
-0.836735        0
-0.795918        0
-0.755102        0
-0.714286        0
-0.673469        0
-0.632653        0
-0.591837        0
-0.55102        0
-0.510204        0
-0.469388        0
-0.428571        0
-0.387755        0
-0.346939        0
-0.306122        0
-0.265306        0
-0.22449        0
-0.183673        0
-0.142857        0
-0.102041        0
-0.0612245        0
-0.0204082        0
0.0204082        0
0.0612245        0
0.102041        0
0.142857        0
0.183673        0
0.22449        0
0.265306        0
0.306122        0
0.346939        0
0.387755        0
0.428571        0
0.469388        0
0.510204        0
0.55102        0
0.591837        0
0.632653        0
0.673469        0
0.714286        0
0.755102        0
0.795918        0
0.836735        0
0.877551        0
0.918367        0
0.959184        0
1        0

W=2177.79
-1        15.0723
-0.959184        0
-0.918367        0
-0.877551        0
-0.836735        0
-0.795918        0
-0.755102        0
-0.714286        0
-0.673469        0
-0.632653        0
-0.591837        0
-0.55102        0
-0.510204        0
-0.469388        0
-0.428571        0
-0.387755        0
-0.346939        0
-0.306122        0
-0.265306        0
-0.22449        0
-0.183673        0
-0.142857        0
-0.102041        0
-0.0612245        0
-0.0204082        0
0.0204082        0
0.0612245        0
0.102041        0
0.142857        0
0.183673        0
0.22449        0
0.265306        0
0.306122        0
0.346939        0
0.387755        0
0.428571        0
0.469388        0
0.510204        0
0.55102        0
0.591837        0
0.632653        0
0.673469        0
0.714286        0
0.755102        0
0.795918        0
0.836735        0
0.877551        0
0.918367        0
0.959184        0
1        0

W=2194.02
-1        14.6271
-0.959184        0
-0.918367        0
-0.877551        0
-0.836735        0
-0.795918        0
-0.755102        0
-0.714286        0
-0.673469        0
-0.632653        0
-0.591837        0
-0.55102        0
-0.510204        0
-0.469388        0
-0.428571        0
-0.387755        0
-0.346939        0
-0.306122        0
-0.265306        0
-0.22449        0
-0.183673        0
-0.142857        0
-0.102041        0
-0.0612245        0
-0.0204082        0
0.0204082        0
0.0612245        0
0.102041        0
0.142857        0
0.183673        0
0.22449        0
0.265306        0
0.306122        0
0.346939        0
0.387755        0
0.428571        0
0.469388        0
0.510204        0
0.55102        0
0.591837        0
0.632653        0
0.673469        0
0.714286        0
0.755102        0
0.795918        0
0.836735        0
0.877551        0
0.918367        0
0.959184        0
1        0

W=2210.25
-1        14.3172
-0.959184        0
-0.918367        0
-0.877551        0
-0.836735        0
-0.795918        0
-0.755102        0
-0.714286        0
-0.673469        0
-0.632653        0
-0.591837        0
-0.55102        0
-0.510204        0
-0.469388        0
-0.428571        0
-0.387755        0
-0.346939        0
-0.306122        0
-0.265306        0
-0.22449        0
-0.183673        0
-0.142857        0
-0.102041        0
-0.0612245        0
-0.0204082        0
0.0204082        0
0.0612245        0
0.102041        0
0.142857        0
0.183673        0
0.22449        0
0.265306        0
0.306122        0
0.346939        0
0.387755        0
0.428571        0
0.469388        0
0.510204        0
0.55102        0
0.591837        0
0.632653        0
0.673469        0
0.714286        0
0.755102        0
0.795918        0
0.836735        0
0.877551        0
0.918367        0
0.959184        0
1        0

W=2226.48
-1        13.886
-0.959184        0
-0.918367        0
-0.877551        0
-0.836735        0
-0.795918        0
-0.755102        0
-0.714286        0
-0.673469        0
-0.632653        0
-0.591837        0
-0.55102        0
-0.510204        0
-0.469388        0
-0.428571        0
-0.387755        0
-0.346939        0
-0.306122        0
-0.265306        0
-0.22449        0
-0.183673        0
-0.142857        0
-0.102041        0
-0.0612245        0
-0.0204082        0
0.0204082        0
0.0612245        0
0.102041        0
0.142857        0
0.183673        0
0.22449        0
0.265306        0
0.306122        0
0.346939        0
0.387755        0
0.428571        0
0.469388        0
0.510204        0
0.55102        0
0.591837        0
0.632653        0
0.673469        0
0.714286        0
0.755102        0
0.795918        0
0.836735        0
0.877551        0
0.918367        0
0.959184        0
1        0

W=2242.71
-1        13.4547
-0.959184        0
-0.918367        0
-0.877551        0
-0.836735        0
-0.795918        0
-0.755102        0
-0.714286        0
-0.673469        0
-0.632653        0
-0.591837        0
-0.55102        0
-0.510204        0
-0.469388        0
-0.428571        0
-0.387755        0
-0.346939        0
-0.306122        0
-0.265306        0
-0.22449        0
-0.183673        0
-0.142857        0
-0.102041        0
-0.0612245        0
-0.0204082        0
0.0204082        0
0.0612245        0
0.102041        0
0.142857        0
0.183673        0
0.22449        0
0.265306        0
0.306122        0
0.346939        0
0.387755        0
0.428571        0
0.469388        0
0.510204        0
0.55102        0
0.591837        0
0.632653        0
0.673469        0
0.714286        0
0.755102        0
0.795918        0
0.836735        0
0.877551        0
0.918367        0
0.959184        0
1        0

W=2258.94
-1        13.3461
-0.959184        0
-0.918367        0
-0.877551        0
-0.836735        0
-0.795918        0
-0.755102        0
-0.714286        0
-0.673469        0
-0.632653        0
-0.591837        0
-0.55102        0
-0.510204        0
-0.469388        0
-0.428571        0
-0.387755        0
-0.346939        0
-0.306122        0
-0.265306        0
-0.22449        0
-0.183673        0
-0.142857        0
-0.102041        0
-0.0612245        0
-0.0204082        0
0.0204082        0
0.0612245        0
0.102041        0
0.142857        0
0.183673        0
0.22449        0
0.265306        0
0.306122        0
0.346939        0
0.387755        0
0.428571        0
0.469388        0
0.510204        0
0.55102        0
0.591837        0
0.632653        0
0.673469        0
0.714286        0
0.755102        0
0.795918        0
0.836735        0
0.877551        0
0.918367        0
0.959184        0
1        0

W=2275.17
-1        13.1213
-0.959184        0
-0.918367        0
-0.877551        0
-0.836735        0
-0.795918        0
-0.755102        0
-0.714286        0
-0.673469        0
-0.632653        0
-0.591837        0
-0.55102        0
-0.510204        0
-0.469388        0
-0.428571        0
-0.387755        0
-0.346939        0
-0.306122        0
-0.265306        0
-0.22449        0
-0.183673        0
-0.142857        0
-0.102041        0
-0.0612245        0
-0.0204082        0
0.0204082        0
0.0612245        0
0.102041        0
0.142857        0
0.183673        0
0.22449        0
0.265306        0
0.306122        0
0.346939        0
0.387755        0
0.428571        0
0.469388        0
0.510204        0
0.55102        0
0.591837        0
0.632653        0
0.673469        0
0.714286        0
0.755102        0
0.795918        0
0.836735        0
0.877551        0
0.918367        0
0.959184        0
1        0

W=2291.4
-1        12.896
-0.959184        0
-0.918367        0
-0.877551        0
-0.836735        0
-0.795918        0
-0.755102        0
-0.714286        0
-0.673469        0
-0.632653        0
-0.591837        0
-0.55102        0
-0.510204        0
-0.469388        0
-0.428571        0
-0.387755        0
-0.346939        0
-0.306122        0
-0.265306        0
-0.22449        0
-0.183673        0
-0.142857        0
-0.102041        0
-0.0612245        0
-0.0204082        0
0.0204082        0
0.0612245        0
0.102041        0
0.142857        0
0.183673        0
0.22449        0
0.265306        0
0.306122        0
0.346939        0
0.387755        0
0.428571        0
0.469388        0
0.510204        0
0.55102        0
0.591837        0
0.632653        0
0.673469        0
0.714286        0
0.755102        0
0.795918        0
0.836735        0
0.877551        0
0.918367        0
0.959184        0
1        0

W=2307.62
-1        12.692
-0.959184        0
-0.918367        0
-0.877551        0
-0.836735        0
-0.795918        0
-0.755102        0
-0.714286        0
-0.673469        0
-0.632653        0
-0.591837        0
-0.55102        0
-0.510204        0
-0.469388        0
-0.428571        0
-0.387755        0
-0.346939        0
-0.306122        0
-0.265306        0
-0.22449        0
-0.183673        0
-0.142857        0
-0.102041        0
-0.0612245        0
-0.0204082        0
0.0204082        0
0.0612245        0
0.102041        0
0.142857        0
0.183673        0
0.22449        0
0.265306        0
0.306122        0
0.346939        0
0.387755        0
0.428571        0
0.469388        0
0.510204        0
0.55102        0
0.591837        0
0.632653        0
0.673469        0
0.714286        0
0.755102        0
0.795918        0
0.836735        0
0.877551        0
0.918367        0
0.959184        0
1        0

W=2323.85
-1        12.5893
-0.959184        0
-0.918367        0
-0.877551        0
-0.836735        0
-0.795918        0
-0.755102        0
-0.714286        0
-0.673469        0
-0.632653        0
-0.591837        0
-0.55102        0
-0.510204        0
-0.469388        0
-0.428571        0
-0.387755        0
-0.346939        0
-0.306122        0
-0.265306        0
-0.22449        0
-0.183673        0
-0.142857        0
-0.102041        0
-0.0612245        0
-0.0204082        0
0.0204082        0
0.0612245        0
0.102041        0
0.142857        0
0.183673        0
0.22449        0
0.265306        0
0.306122        0
0.346939        0
0.387755        0
0.428571        0
0.469388        0
0.510204        0
0.55102        0
0.591837        0
0.632653        0
0.673469        0
0.714286        0
0.755102        0
0.795918        0
0.836735        0
0.877551        0
0.918367        0
0.959184        0
1        0

W=2340.08
-1        12.4764
-0.959184        0
-0.918367        0
-0.877551        0
-0.836735        0
-0.795918        0
-0.755102        0
-0.714286        0
-0.673469        0
-0.632653        0
-0.591837        0
-0.55102        0
-0.510204        0
-0.469388        0
-0.428571        0
-0.387755        0
-0.346939        0
-0.306122        0
-0.265306        0
-0.22449        0
-0.183673        0
-0.142857        0
-0.102041        0
-0.0612245        0
-0.0204082        0
0.0204082        0
0.0612245        0
0.102041        0
0.142857        0
0.183673        0
0.22449        0
0.265306        0
0.306122        0
0.346939        0
0.387755        0
0.428571        0
0.469388        0
0.510204        0
0.55102        0
0.591837        0
0.632653        0
0.673469        0
0.714286        0
0.755102        0
0.795918        0
0.836735        0
0.877551        0
0.918367        0
0.959184        0
1        0

W=2356.31
-1        12.3635
-0.959184        0
-0.918367        0
-0.877551        0
-0.836735        0
-0.795918        0
-0.755102        0
-0.714286        0
-0.673469        0
-0.632653        0
-0.591837        0
-0.55102        0
-0.510204        0
-0.469388        0
-0.428571        0
-0.387755        0
-0.346939        0
-0.306122        0
-0.265306        0
-0.22449        0
-0.183673        0
-0.142857        0
-0.102041        0
-0.0612245        0
-0.0204082        0
0.0204082        0
0.0612245        0
0.102041        0
0.142857        0
0.183673        0
0.22449        0
0.265306        0
0.306122        0
0.346939        0
0.387755        0
0.428571        0
0.469388        0
0.510204        0
0.55102        0
0.591837        0
0.632653        0
0.673469        0
0.714286        0
0.755102        0
0.795918        0
0.836735        0
0.877551        0
0.918367        0
0.959184        0
1        0

W=2372.54
-1        12.2506
-0.959184        0
-0.918367        0
-0.877551        0
-0.836735        0
-0.795918        0
-0.755102        0
-0.714286        0
-0.673469        0
-0.632653        0
-0.591837        0
-0.55102        0
-0.510204        0
-0.469388        0
-0.428571        0
-0.387755        0
-0.346939        0
-0.306122        0
-0.265306        0
-0.22449        0
-0.183673        0
-0.142857        0
-0.102041        0
-0.0612245        0
-0.0204082        0
0.0204082        0
0.0612245        0
0.102041        0
0.142857        0
0.183673        0
0.22449        0
0.265306        0
0.306122        0
0.346939        0
0.387755        0
0.428571        0
0.469388        0
0.510204        0
0.55102        0
0.591837        0
0.632653        0
0.673469        0
0.714286        0
0.755102        0
0.795918        0
0.836735        0
0.877551        0
0.918367        0
0.959184        0
1        0

W=2388.77
-1        12.1376
-0.959184        0
-0.918367        0
-0.877551        0
-0.836735        0
-0.795918        0
-0.755102        0
-0.714286        0
-0.673469        0
-0.632653        0
-0.591837        0
-0.55102        0
-0.510204        0
-0.469388        0
-0.428571        0
-0.387755        0
-0.346939        0
-0.306122        0
-0.265306        0
-0.22449        0
-0.183673        0
-0.142857        0
-0.102041        0
-0.0612245        0
-0.0204082        0
0.0204082        0
0.0612245        0
0.102041        0
0.142857        0
0.183673        0
0.22449        0
0.265306        0
0.306122        0
0.346939        0
0.387755        0
0.428571        0
0.469388        0
0.510204        0
0.55102        0
0.591837        0
0.632653        0
0.673469        0
0.714286        0
0.755102        0
0.795918        0
0.836735        0
0.877551        0
0.918367        0
0.959184        0
1        0

W=2405
-1        12.0247
-0.959184        0
-0.918367        0
-0.877551        0
-0.836735        0
-0.795918        0
-0.755102        0
-0.714286        0
-0.673469        0
-0.632653        0
-0.591837        0
-0.55102        0
-0.510204        0
-0.469388        0
-0.428571        0
-0.387755        0
-0.346939        0
-0.306122        0
-0.265306        0
-0.22449        0
-0.183673        0
-0.142857        0
-0.102041        0
-0.0612245        0
-0.0204082        0
0.0204082        0
0.0612245        0
0.102041        0
0.142857        0
0.183673        0
0.22449        0
0.265306        0
0.306122        0
0.346939        0
0.387755        0
0.428571        0
0.469388        0
0.510204        0
0.55102        0
0.591837        0
0.632653        0
0.673469        0
0.714286        0
0.755102        0
0.795918        0
0.836735        0
0.877551        0
0.918367        0
0.959184        0
1        0

