W=1739
-0.998027        30.0127
-0.992115        29.9682
-0.982287        29.8907
-0.968583        29.7757
-0.951057        29.6172
-0.929776        29.4085
-0.904827        29.1424
-0.876307        28.8122
-0.844328        28.4123
-0.809017        27.9384
-0.770513        27.3886
-0.728969        26.7631
-0.684547        26.0652
-0.637424        25.3011
-0.587785        24.4796
-0.535827        23.6124
-0.481754        22.7132
-0.425779        21.7976
-0.368125        20.8823
-0.309017        19.9844
-0.24869        19.1208
-0.187381        18.3076
-0.125333        17.5593
-0.0627905        16.8887
-1.60812e-16        16.3061
0.0627905        15.8192
0.125333        15.4332
0.187381        15.1505
0.24869        14.9712
0.309017        14.8931
0.368125        14.9116
0.425779        15.0208
0.481754        15.2133
0.535827        15.4802
0.587785        15.812
0.637424        16.1984
0.684547        16.6286
0.728969        17.0913
0.770513        17.575
0.809017        18.0682
0.844328        18.559
0.876307        19.0362
0.904827        19.4885
0.929776        19.9053
0.951057        20.2767
0.968583        20.5938
0.982287        20.8489
0.992115        21.0357
0.998027        21.1497
1        21.188

W=1763
-0.998027        32.292
-0.992115        32.2865
-0.982287        32.2703
-0.968583        32.2336
-0.951057        32.1635
-0.929776        32.045
-0.904827        31.8619
-0.876307        31.5982
-0.844328        31.2389
-0.809017        30.7717
-0.770513        30.1877
-0.728969        29.4822
-0.684547        28.6558
-0.637424        27.7139
-0.587785        26.6679
-0.535827        25.5336
-0.481754        24.3315
-0.425779        23.0856
-0.368125        21.8221
-0.309017        20.5684
-0.24869        19.3516
-0.187381        18.1973
-0.125333        17.1288
-0.0627905        16.1656
-1.60812e-16        15.3231
0.0627905        14.6124
0.125333        14.0398
0.187381        13.6071
0.24869        13.3123
0.309017        13.1498
0.368125        13.1111
0.425779        13.1858
0.481754        13.3617
0.535827        13.6259
0.587785        13.9649
0.637424        14.3652
0.684547        14.8134
0.728969        15.2964
0.770513        15.8011
0.809017        16.3151
0.844328        16.8262
0.876307        17.3224
0.904827        17.7924
0.929776        18.2253
0.951057        18.611
0.968583        18.9403
0.982287        19.2052
0.992115        19.3994
0.998027        19.5178
1        19.5577

W=1792
-0.998027        29.7419
-0.992115        29.8278
-0.982287        29.9588
-0.968583        30.1176
-0.951057        30.2809
-0.929776        30.4215
-0.904827        30.5093
-0.876307        30.5132
-0.844328        30.4036
-0.809017        30.1537
-0.770513        29.7419
-0.728969        29.1534
-0.684547        28.3811
-0.637424        27.4272
-0.587785        26.3027
-0.535827        25.0276
-0.481754        23.6297
-0.425779        22.1431
-0.368125        20.6065
-0.309017        19.0607
-0.24869        17.5464
-0.187381        16.1019
-0.125333        14.7612
-0.0627905        13.552
-1.60812e-16        12.4951
0.0627905        11.6036
0.125333        10.8829
0.187381        10.3316
0.24869        9.94185
0.309017        9.70127
0.368125        9.594
0.425779        9.60216
0.481754        9.70718
0.535827        9.89081
0.587785        10.1359
0.637424        10.427
0.684547        10.7502
0.728969        11.0938
0.770513        11.4475
0.809017        11.8022
0.844328        12.15
0.876307        12.4838
0.904827        12.7969
0.929776        13.0832
0.951057        13.3369
0.968583        13.5526
0.982287        13.7257
0.992115        13.8523
0.998027        13.9295
1        13.9554

W=1818
-0.998027        27.5086
-0.992115        27.6693
-0.982287        27.9215
-0.968583        28.2429
-0.951057        28.6033
-0.929776        28.9668
-0.904827        29.293
-0.876307        29.5397
-0.844328        29.6655
-0.809017        29.632
-0.770513        29.4066
-0.728969        28.9652
-0.684547        28.294
-0.637424        27.3908
-0.587785        26.2658
-0.535827        24.9414
-0.481754        23.4509
-0.425779        21.8368
-0.368125        20.1478
-0.309017        18.436
-0.24869        16.7531
-0.187381        15.1478
-0.125333        13.6623
-0.0627905        12.3302
-1.60812e-16        11.1754
0.0627905        10.211
0.125333        9.43982
0.187381        8.85552
0.24869        8.44401
0.309017        8.1856
0.368125        8.05715
0.425779        8.03414
0.481754        8.09246
0.535827        8.2099
0.587785        8.36707
0.637424        8.54796
0.684547        8.73997
0.728969        8.93374
0.770513        9.12266
0.809017        9.3023
0.844328        9.4698
0.876307        9.62336
0.904827        9.76176
0.929776        9.88408
0.951057        9.98951
0.968583        10.0773
0.982287        10.1465
0.992115        10.1966
0.998027        10.2269
1        10.237

W=1843
-0.998027        25.4542
-0.992115        25.6703
-0.982287        26.0132
-0.968583        26.4577
-0.951057        26.9697
-0.929776        27.5078
-0.904827        28.0248
-0.876307        28.4703
-0.844328        28.7937
-0.809017        28.947
-0.770513        28.8882
-0.728969        28.5847
-0.684547        28.0159
-0.637424        27.1752
-0.587785        26.0715
-0.535827        24.7289
-0.481754        23.1854
-0.425779        21.4908
-0.368125        19.7029
-0.309017        17.8838
-0.24869        16.0952
-0.187381        14.3943
-0.125333        12.8299
-0.0627905        11.4397
-1.60812e-16        10.2485
0.0627905        9.26745
0.125333        8.49507
0.187381        7.91867
0.24869        7.51687
0.309017        7.26241
0.368125        7.12513
0.425779        7.07465
0.481754        7.08264
0.535827        7.12448
0.587785        7.18022
0.637424        7.23497
0.684547        7.27869
0.728969        7.3057
0.770513        7.31382
0.809017        7.3036
0.844328        7.27744
0.876307        7.23885
0.904827        7.19196
0.929776        7.14101
0.951057        7.09008
0.968583        7.04288
0.982287        7.00265
0.992115        6.97198
0.998027        6.9528
1        6.94627

W=1930
-0.998027        26.1804
-0.992115        26.3899
-0.982287        26.7235
-0.968583        27.1575
-0.951057        27.6582
-0.929776        28.1825
-0.904827        28.6785
-0.876307        29.0881
-0.844328        29.35
-0.809017        29.4041
-0.770513        29.1971
-0.728969        28.6876
-0.684547        27.8515
-0.637424        26.6861
-0.587785        25.2116
-0.535827        23.4715
-0.481754        21.5294
-0.425779        19.4644
-0.368125        17.3637
-0.309017        15.3153
-0.24869        13.3994
-0.187381        11.6817
-0.125333        10.2085
-0.0627905        9.00326
-1.60812e-16        8.06687
0.0627905        7.37979
0.125333        6.90645
0.187381        6.60078
0.24869        6.41227
0.309017        6.29158
0.368125        6.19512
0.425779        6.0881
0.481754        5.94598
0.535827        5.75447
0.587785        5.50824
0.637424        5.20904
0.684547        4.86351
0.728969        4.48112
0.770513        4.07263
0.809017        3.64901
0.844328        3.22093
0.876307        2.79872
0.904827        2.39246
0.929776        2.01215
0.951057        1.66779
0.968583        1.36917
0.982287        1.12553
0.992115        0.944993
0.998027        0.833936
1        0.796447

W=1973
-0.998027        27.4892
-0.992115        27.6484
-0.982287        27.9017
-0.968583        28.2299
-0.951057        28.6039
-0.929776        28.9843
-0.904827        29.3214
-0.876307        29.5566
-0.844328        29.6266
-0.809017        29.4681
-0.770513        29.0249
-0.728969        28.2547
-0.684547        27.1363
-0.637424        25.6743
-0.587785        23.9013
-0.535827        21.8777
-0.481754        19.6865
-0.425779        17.4263
-0.368125        15.2013
-0.309017        13.1107
-0.24869        11.2385
-0.187381        9.64543
-0.125333        8.36384
-0.0627905        7.39637
-1.60812e-16        6.71846
0.0627905        6.28394
0.125333        6.03287
0.187381        5.90017
0.24869        5.82383
0.309017        5.75148
0.368125        5.64466
0.425779        5.48049
0.481754        5.2509
0.535827        4.96001
0.587785        4.62049
0.637424        4.24955
0.684547        3.86539
0.728969        3.48454
0.770513        3.12021
0.809017        2.78172
0.844328        2.47475
0.876307        2.20198
0.904827        1.96408
0.929776        1.76055
0.951057        1.5904
0.968583        1.45255
0.982287        1.34614
0.992115        1.27053
0.998027        1.22531
1        1.21025

W=1978
-0.998027        27.788
-0.992115        27.949
-0.982287        28.2051
-0.968583        28.5368
-0.951057        28.9149
-0.929776        29.2994
-0.904827        29.6401
-0.876307        29.8779
-0.844328        29.9487
-0.809017        29.7885
-0.770513        29.3404
-0.728969        28.5619
-0.684547        27.4313
-0.637424        25.9534
-0.587785        24.1612
-0.535827        22.1156
-0.481754        19.9005
-0.425779        17.6158
-0.368125        15.3666
-0.309017        13.2532
-0.24869        11.3607
-0.187381        9.75029
-0.125333        8.45476
-0.0627905        7.47678
-1.60812e-16        6.7915
0.0627905        6.35226
0.125333        6.09845
0.187381        5.96431
0.24869        5.88714
0.309017        5.814
0.368125        5.70603
0.425779        5.54007
0.481754        5.30798
0.535827        5.01393
0.587785        4.67072
0.637424        4.29575
0.684547        3.90741
0.728969        3.52242
0.770513        3.15413
0.809017        2.81197
0.844328        2.50165
0.876307        2.22591
0.904827        1.98543
0.929776        1.77969
0.951057        1.60769
0.968583        1.46834
0.982287        1.36078
0.992115        1.28434
0.998027        1.23863
1        1.22341

W=2025
-0.998027        28.5849
-0.992115        28.6326
-0.982287        28.7139
-0.968583        28.8278
-0.951057        28.9666
-0.929776        29.1116
-0.904827        29.2303
-0.876307        29.2751
-0.844328        29.186
-0.809017        28.8963
-0.770513        28.3404
-0.728969        27.4642
-0.684547        26.235
-0.637424        24.6495
-0.587785        22.7386
-0.535827        20.5679
-0.481754        18.2324
-0.425779        15.8471
-0.368125        13.5341
-0.309017        11.4082
-0.24869        9.56344
-0.187381        8.06217
-0.125333        6.92927
-0.0627905        6.15145
-1.60812e-16        5.682
0.0627905        5.44996
0.125333        5.37179
0.187381        5.36379
0.24869        5.35303
0.309017        5.28532
0.368125        5.12932
0.425779        4.87668
0.481754        4.53875
0.535827        4.14103
0.587785        3.7166
0.637424        3.29988
0.684547        2.92149
0.728969        2.60495
0.770513        2.36507
0.809017        2.20791
0.844328        2.1317
0.876307        2.12838
0.904827        2.1852
0.929776        2.28627
0.951057        2.41392
0.968583        2.55005
0.982287        2.67732
0.992115        2.78046
0.998027        2.84748
1        2.87071

W=2097
-0.998027        29.5541
-0.992115        29.3259
-0.982287        28.9802
-0.968583        28.5607
-0.951057        28.1143
-0.929776        27.6797
-0.904827        27.2769
-0.876307        26.9002
-0.844328        26.5159
-0.809017        26.065
-0.770513        25.4722
-0.728969        24.6594
-0.684547        23.5602
-0.637424        22.1355
-0.587785        20.3841
-0.535827        18.3489
-0.481754        16.1146
-0.425779        13.799
-0.368125        11.5375
-0.309017        9.46446
-0.24869        7.69392
-0.187381        6.30355
-0.125333        5.32444
-0.0627905        4.73854
-1.60812e-16        4.48404
0.0627905        4.46741
0.125333        4.57974
0.187381        4.7142
0.24869        4.78169
0.309017        4.72194
0.368125        4.50877
0.425779        4.14928
0.481754        3.67787
0.535827        3.14696
0.587785        2.61642
0.637424        2.14386
0.684547        1.77709
0.728969        1.54949
0.770513        1.47829
0.809017        1.56518
0.844328        1.79832
0.876307        2.15508
0.904827        2.60466
0.929776        3.11068
0.951057        3.63352
0.968583        4.13263
0.982287        4.56916
0.992115        4.90869
0.998027        5.12407
1        5.19787

W=2137
-0.998027        28.9089
-0.992115        28.5821
-0.982287        28.0805
-0.968583        27.4604
-0.951057        26.7855
-0.929776        26.1144
-0.904827        25.4893
-0.876307        24.9259
-0.844328        24.4085
-0.809017        23.8909
-0.770513        23.3031
-0.728969        22.5634
-0.684547        21.5946
-0.637424        20.34
-0.587785        18.7781
-0.535827        16.9316
-0.481754        14.8684
-0.425779        12.6957
-0.368125        10.5454
-0.309017        8.55485
-0.24869        6.8462
-0.187381        5.50755
-0.125333        4.57991
-0.0627905        4.05221
-1.60812e-16        3.86518
0.0627905        3.9231
0.125333        4.11105
0.187381        4.31418
0.24869        4.43549
0.309017        4.40888
0.368125        4.20591
0.425779        3.83543
0.481754        3.33738
0.535827        2.77245
0.587785        2.21016
0.637424        1.71768
0.684547        1.3511
0.728969        1.14991
0.770513        1.13492
0.809017        1.30869
0.844328        1.65765
0.876307        2.15501
0.904827        2.76367
0.929776        3.43901
0.951057        4.13161
0.968583        4.79022
0.982287        5.36512
0.992115        5.81187
0.998027        6.09515
1        6.1922

W=2180
-0.998027        27.1397
-0.992115        26.8259
-0.982287        26.3383
-0.968583        25.7242
-0.951057        25.0393
-0.929776        24.3384
-0.904827        23.6657
-0.876307        23.0454
-0.844328        22.4755
-0.809017        21.926
-0.770513        21.3417
-0.728969        20.6512
-0.684547        19.7801
-0.637424        18.6667
-0.587785        17.2772
-0.535827        15.6171
-0.481754        13.7361
-0.425779        11.7254
-0.368125        9.70588
-0.309017        7.81103
-0.24869        6.16569
-0.187381        4.86598
-0.125333        3.96386
-0.0627905        3.45927
-1.60812e-16        3.30163
0.0627905        3.39994
0.125333        3.63958
0.187381        3.90214
0.24869        4.08447
0.309017        4.11362
0.368125        3.9551
0.425779        3.61391
0.481754        3.12891
0.535827        2.56264
0.587785        1.989
0.637424        1.48136
0.684547        1.103
0.728969        0.900881
0.770513        0.902624
0.809017        1.1163
0.844328        1.53184
0.876307        2.12322
0.904827        2.85092
0.929776        3.66451
0.951057        4.50551
0.968583        5.31112
0.982287        6.01871
0.992115        6.57122
0.998027        6.92273
1        7.04335

W=2244
-0.998027        21.9129
-0.992115        21.8344
-0.982287        21.6952
-0.968583        21.4867
-0.951057        21.2036
-0.929776        20.8471
-0.904827        20.425
-0.876307        19.949
-0.844328        19.4294
-0.809017        18.8681
-0.770513        18.2538
-0.728969        17.5597
-0.684547        16.7474
-0.637424        15.7754
-0.587785        14.6105
-0.535827        13.2413
-0.481754        11.6876
-0.425779        10.0047
-0.368125        8.28028
-0.309017        6.62283
-0.24869        5.14505
-0.187381        3.94449
-0.125333        3.08615
-0.0627905        2.59069
-1.60812e-16        2.43084
0.0627905        2.53671
0.125333        2.80885
0.187381        3.13595
0.24869        3.41363
0.309017        3.56047
0.368125        3.52863
0.425779        3.30762
0.481754        2.92165
0.535827        2.42192
0.587785        1.87641
0.637424        1.35914
0.684547        0.940977
0.728969        0.682634
0.770513        0.63
0.809017        0.811247
0.844328        1.23498
0.876307        1.889
0.904827        2.73972
0.929776        3.73277
0.951057        4.7955
0.968583        5.84209
0.982287        6.78129
0.992115        7.52628
0.998027        8.00514
1        8.1703

W=2305
-0.998027        18.2262
-0.992115        18.3856
-0.982287        18.5995
-0.968583        18.8033
-0.951057        18.9295
-0.929776        18.922
-0.904827        18.7476
-0.876307        18.3992
-0.844328        17.8927
-0.809017        17.2571
-0.770513        16.5222
-0.728969        15.7078
-0.684547        14.8175
-0.637424        13.8393
-0.587785        12.7528
-0.535827        11.5416
-0.481754        10.2055
-0.425779        8.77018
-0.368125        7.29075
-0.309017        5.84682
-0.24869        4.53077
-0.187381        3.43139
-0.125333        2.6168
-0.0627905        2.12076
-1.60812e-16        1.93566
0.0627905        2.01356
0.125333        2.27496
0.187381        2.62306
0.24869        2.96015
0.309017        3.20279
0.368125        3.29301
0.425779        3.20408
0.481754        2.94072
0.535827        2.5351
0.587785        2.0402
0.637424        1.52223
0.684547        1.05353
0.728969        0.70601
0.770513        0.545211
0.809017        0.624363
0.844328        0.97814
0.876307        1.61644
0.904827        2.51919
0.929776        3.63359
0.951057        4.8755
0.968583        6.13584
0.982287        7.29207
0.992115        8.22353
0.998027        8.82819
1        9.03775

W=2405
-0.998027        15.8821
-0.992115        16.2323
-0.982287        16.723
-0.968583        17.2365
-0.951057        17.6458
-0.929776        17.8407
-0.904827        17.7492
-0.876307        17.3478
-0.844328        16.6613
-0.809017        15.7505
-0.770513        14.6939
-0.728969        13.5677
-0.684547        12.4294
-0.637424        11.3097
-0.587785        10.2126
-0.535827        9.12466
-0.481754        8.02774
-0.425779        6.91312
-0.368125        5.79119
-0.309017        4.69478
-0.24869        3.67522
-0.187381        2.79245
-0.125333        2.10223
-0.0627905        1.64375
-1.60812e-16        1.43086
0.0627905        1.44868
0.125333        1.65587
0.187381        1.99149
0.24869        2.3843
0.309017        2.76239
0.368125        3.06154
0.425779        3.23142
0.481754        3.23984
0.535827        3.07557
0.587785        2.75031
0.637424        2.29993
0.684547        1.78434
0.728969        1.28475
0.770513        0.897191
0.809017        0.721529
0.844328        0.846493
0.876307        1.3327
0.904827        2.19681
0.929776        3.40072
0.951057        4.84904
0.968583        6.39704
0.982287        7.8689
0.992115        9.08361
0.998027        9.88403
1        10.1634

