W=1739
-1        30.0127
-0.959184        29.6907
-0.918367        29.2868
-0.877551        28.8266
-0.836735        28.3104
-0.795918        27.7514
-0.755102        27.1566
-0.714286        26.5324
-0.673469        25.8856
-0.632653        25.2221
-0.591837        24.5467
-0.55102        23.866
-0.510204        23.1863
-0.469388        22.5109
-0.428571        21.8433
-0.387755        21.1939
-0.346939        20.5605
-0.306122        19.943
-0.265306        19.3587
-0.22449        18.7998
-0.183673        18.2629
-0.142857        17.7706
-0.102041        17.3096
-0.0612245        16.8742
-0.0204082        16.4955
0.0204082        16.1478
0.0612245        15.8313
0.102041        15.577
0.142857        15.3534
0.183673        15.1674
0.22449        15.042
0.265306        14.9497
0.306122        14.8968
0.346939        14.905
0.387755        14.9488
0.428571        15.0304
0.469388        15.1708
0.510204        15.3537
0.55102        15.5772
0.591837        15.8435
0.632653        16.1613
0.673469        16.5275
0.714286        16.9384
0.755102        17.3956
0.795918        17.9004
0.836735        18.4535
0.877551        19.0559
0.918367        19.7147
0.959184        20.4237
1        21.188

W=1786.57
-1        30.2193
-0.959184        30.5778
-0.918367        30.7424
-0.877551        30.7183
-0.836735        30.4975
-0.795918        30.1183
-0.755102        29.5989
-0.714286        28.9563
-0.673469        28.2088
-0.632653        27.3742
-0.591837        26.4616
-0.55102        25.4875
-0.510204        24.4773
-0.469388        23.4426
-0.428571        22.3914
-0.387755        21.3398
-0.346939        20.2996
-0.306122        19.2729
-0.265306        18.2861
-0.22449        17.3356
-0.183673        16.4171
-0.142857        15.5687
-0.102041        14.7712
-0.0612245        14.0159
-0.0204082        13.3549
0.0204082        12.7457
0.0612245        12.1882
0.102041        11.7319
0.142857        11.3244
0.183673        10.9764
0.22449        10.7196
0.265306        10.5105
0.306122        10.3576
0.346939        10.2862
0.387755        10.2594
0.428571        10.2789
0.469388        10.3651
0.510204        10.4958
0.55102        10.6668
0.591837        10.8781
0.632653        11.1343
0.673469        11.4293
0.714286        11.7583
0.755102        12.1208
0.795918        12.5162
0.836735        12.944
0.877551        13.4045
0.918367        13.9023
0.959184        14.434
1        15.0041

W=1834.14
-1        26.182
-0.959184        27.336
-0.918367        28.2302
-0.877551        28.8328
-0.836735        29.1213
-0.795918        29.1496
-0.755102        28.9412
-0.714286        28.5195
-0.673469        27.9116
-0.632653        27.1448
-0.591837        26.231
-0.55102        25.1949
-0.510204        24.0817
-0.469388        22.9114
-0.428571        21.6965
-0.387755        20.4573
-0.346939        19.2221
-0.306122        17.9954
-0.265306        16.8106
-0.22449        15.6703
-0.183673        14.5694
-0.142857        13.5587
-0.102041        12.6147
-0.0612245        11.7258
-0.0204082        10.9599
0.0204082        10.2599
0.0612245        9.62606
0.102041        9.11727
0.142857        8.6662
0.183673        8.28519
0.22449        8.0053
0.265306        7.77487
0.306122        7.60176
0.346939        7.50342
0.387755        7.44146
0.428571        7.41587
0.469388        7.4347
0.510204        7.47651
0.55102        7.53584
0.591837        7.60882
0.632653        7.69059
0.673469        7.77377
0.714286        7.85403
0.755102        7.92789
0.795918        7.9923
0.836735        8.04503
0.877551        8.08447
0.918367        8.10807
0.959184        8.1176
1        8.11213

W=1881.71
-1        25.7774
-0.959184        27.041
-0.918367        28.0402
-0.877551        28.7265
-0.836735        29.0647
-0.795918        29.108
-0.755102        28.8791
-0.714286        28.4032
-0.673469        27.7111
-0.632653        26.8356
-0.591837        25.7924
-0.55102        24.6137
-0.510204        23.3539
-0.469388        22.0377
-0.428571        20.6818
-0.387755        19.3181
-0.346939        17.9734
-0.306122        16.6523
-0.265306        15.4038
-0.22449        14.2213
-0.183673        13.0962
-0.142857        12.0938
-0.102041        11.1763
-0.0612245        10.3286
-0.0204082        9.628
0.0204082        9.00135
0.0612245        8.44866
0.102041        8.02624
0.142857        7.65938
0.183673        7.35946
0.22449        7.14647
0.265306        6.97164
0.306122        6.83975
0.346939        6.75398
0.387755        6.68553
0.428571        6.63271
0.469388        6.58983
0.510204        6.54422
0.55102        6.49184
0.591837        6.42782
0.632653        6.34332
0.673469        6.2344
0.714286        6.10007
0.755102        5.93728
0.795918        5.7434
0.836735        5.51641
0.877551        5.25401
0.918367        4.94903
0.959184        4.60344
1        4.20965

W=1929.29
-1        26.1744
-0.959184        27.4203
-0.918367        28.4038
-0.877551        29.0651
-0.836735        29.3572
-0.795918        29.3303
-0.755102        29.0062
-0.714286        28.4111
-0.673469        27.5795
-0.632653        26.5487
-0.591837        25.3388
-0.55102        23.9897
-0.510204        22.5631
-0.469388        21.0875
-0.428571        19.5839
-0.387755        18.0973
-0.346939        16.6494
-0.306122        15.2445
-0.265306        13.9489
-0.22449        12.7436
-0.183673        11.6159
-0.142857        10.6463
-0.102041        9.7806
-0.0612245        8.99986
-0.0204082        8.38981
0.0204082        7.86068
0.0612245        7.41248
0.102041        7.09669
0.142857        6.83254
0.183673        6.63
0.22449        6.49644
0.265306        6.38779
0.306122        6.30539
0.346939        6.23745
0.387755        6.16648
0.428571        6.08917
0.469388        5.98644
0.510204        5.85556
0.55102        5.69444
0.591837        5.49778
0.632653        5.25415
0.673469        4.96381
0.714286        4.62959
0.755102        4.2495
0.795918        3.82197
0.836735        3.34558
0.877551        2.81758
0.918367        2.22693
0.959184        1.5748
1        0.846938

W=1976.86
-1        27.7197
-0.959184        28.6689
-0.918367        29.3828
-0.877551        29.7941
-0.836735        29.8407
-0.795918        29.5632
-0.755102        28.9802
-0.714286        28.1189
-0.673469        27.0173
-0.632653        25.7178
-0.591837        24.2477
-0.55102        22.6579
-0.510204        21.0142
-0.469388        19.3481
-0.428571        17.6862
-0.387755        16.0927
-0.346939        14.5732
-0.306122        13.13
-0.265306        11.8527
-0.22449        10.6987
-0.183673        9.6491
-0.142857        8.79897
-0.102041        8.07065
-0.0612245        7.44135
-0.0204082        6.99699
0.0204082        6.63239
0.0612245        6.34757
0.102041        6.17775
0.142857        6.04567
0.183673        5.95764
0.22449        5.90306
0.265306        5.85257
0.306122        5.80321
0.346939        5.73061
0.387755        5.63564
0.428571        5.5149
0.469388        5.34608
0.510204        5.1406
0.55102        4.90149
0.591837        4.62871
0.632653        4.32114
0.673469        3.98887
0.714286        3.6407
0.755102        3.28266
0.795918        2.92117
0.836735        2.56207
0.877551        2.20998
0.918367        1.86916
0.959184        1.53928
1        1.2204

W=2024.43
-1        28.5752
-0.959184        28.9003
-0.918367        29.1694
-0.877551        29.2804
-0.836735        29.1333
-0.795918        28.7185
-0.755102        28.028
-0.714286        27.0716
-0.673469        25.8771
-0.632653        24.4818
-0.591837        22.9118
-0.55102        21.221
-0.510204        19.4807
-0.469388        17.726
-0.428571        15.9875
-0.387755        14.3436
-0.346939        12.7944
-0.306122        11.3421
-0.265306        10.0936
-0.22449        8.99218
-0.183673        8.01488
-0.142857        7.26834
-0.102041        6.65723
-0.0612245        6.15579
-0.0204082        5.84892
0.0204082        5.61925
0.0612245        5.46678
0.102041        5.41053
0.142857        5.37793
0.183673        5.37166
0.22449        5.36409
0.265306        5.34086
0.306122        5.295
0.346939        5.19204
0.387755        5.05067
0.428571        4.86795
0.469388        4.62248
0.510204        4.33951
0.55102        4.02782
0.591837        3.69423
0.632653        3.35199
0.673469        3.02246
0.714286        2.72101
0.755102        2.46423
0.795918        2.26948
0.836735        2.1532
0.877551        2.13189
0.918367        2.2356
0.959184        2.46569
1        2.85068

W=2072
-1        29.2176
-0.959184        28.523
-0.918367        28.0755
-0.877551        27.7349
-0.836735        27.3581
-0.795918        26.8508
-0.755102        26.1584
-0.714286        25.255
-0.673469        24.1409
-0.632653        22.8348
-0.591837        21.3491
-0.55102        19.7283
-0.510204        18.044
-0.469388        16.333
-0.428571        14.6269
-0.387755        13.0069
-0.346939        11.4811
-0.306122        10.0532
-0.265306        8.83782
-0.22449        7.77905
-0.183673        6.85249
-0.142857        6.17328
-0.102041        5.63865
-0.0612245        5.22093
-0.0204082        5.00697
0.0204082        4.87028
0.0612245        4.81085
0.102041        4.83756
0.142857        4.87876
0.183673        4.93467
0.22449        4.96416
0.265306        4.96285
0.306122        4.92056
0.346939        4.79353
0.387755        4.61447
0.428571        4.38064
0.469388        4.07069
0.510204        3.72178
0.55102        3.34776
0.591837        2.96144
0.632653        2.58881
0.673469        2.26162
0.714286        2.00141
0.755102        1.83434
0.795918        1.78762
0.836735        1.88704
0.877551        2.15947
0.918367        2.65733
0.959184        3.38304
1        4.38983

W=2119.57
-1        29.19
-0.959184        27.6313
-0.918367        26.5549
-0.877551        25.8072
-0.836735        25.2217
-0.795918        24.6375
-0.755102        23.962
-0.714286        23.1376
-0.673469        22.1387
-0.632653        20.9643
-0.591837        19.6121
-0.55102        18.1131
-0.510204        16.5361
-0.469388        14.9176
-0.428571        13.2879
-0.387755        11.7263
-0.346939        10.2513
-0.306122        8.8679
-0.265306        7.69361
-0.22449        6.67827
-0.183673        5.79761
-0.142857        5.17264
-0.102041        4.69834
-0.0612245        4.34586
-0.0204082        4.20517
0.0204082        4.14309
0.0612245        4.15963
0.102041        4.25754
0.142857        4.36418
0.183673        4.47812
0.22449        4.54771
0.265306        4.57503
0.306122        4.54725
0.346939        4.41221
0.387755        4.21336
0.428571        3.94791
0.469388        3.5932
0.510204        3.1963
0.55102        2.77525
0.591837        2.34768
0.632653        1.94987
0.673469        1.6229
0.714286        1.39432
0.755102        1.29918
0.795918        1.37421
0.836735        1.65475
0.877551        2.17857
0.918367        3.02087
0.959184        4.18775
1        5.75896

W=2167.14
-1        27.6687
-0.959184        25.8776
-0.918367        24.5683
-0.877551        23.634
-0.836735        22.9374
-0.795918        22.3144
-0.755102        21.6666
-0.714286        20.9254
-0.673469        20.051
-0.632653        19.0285
-0.591837        17.8436
-0.55102        16.5119
-0.510204        15.093
-0.469388        13.6197
-0.428571        12.1182
-0.387755        10.6578
-0.346939        9.26747
-0.306122        7.95358
-0.265306        6.82756
-0.22449        5.85154
-0.183673        5.00345
-0.142857        4.405
-0.102041        3.95757
-0.0612245        3.63241
-0.0204082        3.52423
0.0204082        3.49816
0.0612245        3.55422
0.102041        3.69706
0.142857        3.84969
0.183673        4.01071
0.22449        4.12466
0.265306        4.19286
0.306122        4.20131
0.346939        4.09168
0.387755        3.91094
0.428571        3.65576
0.469388        3.29925
0.510204        2.89352
0.55102        2.45862
0.591837        2.01406
0.632653        1.60038
0.673469        1.2653
0.714286        1.04206
0.755102        0.973291
0.795918        1.10519
0.836735        1.48438
0.877551        2.16291
0.918367        3.24395
0.959184        4.74689
1        6.78885

W=2214.71
-1        24.3046
-0.959184        23.1753
-0.918367        22.1992
-0.877551        21.3895
-0.836735        20.7037
-0.795918        20.0631
-0.755102        19.4099
-0.714286        18.6969
-0.673469        17.8914
-0.632653        16.9766
-0.591837        15.9342
-0.55102        14.7677
-0.510204        13.5212
-0.469388        12.22
-0.428571        10.8835
-0.387755        9.56573
-0.346939        8.2996
-0.306122        7.09195
-0.265306        6.04023
-0.22449        5.12028
-0.183673        4.31367
-0.142857        3.73586
-0.102041        3.3017
-0.0612245        2.98418
-0.0204082        2.88093
0.0204082        2.86259
0.0612245        2.92916
0.102041        3.09317
0.142857        3.27302
0.183673        3.46877
0.22449        3.62821
0.265306        3.74621
0.306122        3.80912
0.346939        3.75597
0.387755        3.6298
0.428571        3.42626
0.469388        3.11177
0.510204        2.73754
0.55102        2.32303
0.591837        1.88607
0.632653        1.46436
0.673469        1.10914
0.714286        0.85939
0.755102        0.765044
0.795918        0.88413
0.836735        1.28051
0.877551        2.03083
0.918367        3.28499
0.959184        5.09697
1        7.65462

W=2262.29
-1        20.8078
-0.959184        20.5963
-0.918367        20.111
-0.877551        19.5035
-0.836735        18.8433
-0.795918        18.1639
-0.755102        17.4639
-0.714286        16.7283
-0.673469        15.9399
-0.632653        15.0853
-0.591837        14.1468
-0.55102        13.1183
-0.510204        12.0265
-0.469388        10.8879
-0.428571        9.71489
-0.387755        8.54578
-0.346939        7.41251
-0.306122        6.32163
-0.265306        5.35459
-0.22449        4.49899
-0.183673        3.74018
-0.142857        3.18417
-0.102041        2.76087
-0.0612245        2.44565
-0.0204082        2.33682
0.0204082        2.31409
0.0612245        2.37746
0.102041        2.54866
0.142857        2.74297
0.183673        2.96228
0.22449        3.16106
0.265306        3.32605
0.306122        3.44483
0.346939        3.4563
0.387755        3.39623
0.428571        3.25916
0.469388        3.00452
0.510204        2.67928
0.55102        2.30077
0.591837        1.88327
0.632653        1.45777
0.673469        1.07658
0.714286        0.78387
0.755102        0.636136
0.795918        0.703979
0.836735        1.07138
0.877551        1.84508
0.918367        3.2323
0.959184        5.33449
1        8.43033

W=2309.86
-1        18.1123
-0.959184        18.8023
-0.918367        18.7916
-0.877551        18.3634
-0.836735        17.6933
-0.795918        16.9286
-0.755102        16.1257
-0.714286        15.3056
-0.673469        14.4699
-0.632653        13.612
-0.591837        12.7181
-0.55102        11.7766
-0.510204        10.7966
-0.469388        9.78607
-0.428571        8.75081
-0.387755        7.71572
-0.346939        6.70641
-0.306122        5.72841
-0.265306        4.84773
-0.22449        4.05941
-0.183673        3.35204
-0.142857        2.82016
-0.102041        2.40775
-0.0612245        2.09294
-0.0204082        1.97174
0.0204082        1.93551
0.0612245        1.98425
0.102041        2.14852
0.142857        2.34303
0.183673        2.57162
0.22449        2.79805
0.265306        3.00082
0.306122        3.16944
0.346939        3.24579
0.387755        3.25577
0.428571        3.19293
0.469388        3.01051
0.510204        2.748
0.55102        2.41904
0.591837        2.03268
0.632653        1.60947
0.673469        1.19974
0.714286        0.851431
0.755102        0.626042
0.795918        0.606366
0.836735        0.898059
0.877551        1.64195
0.918367        3.1107
0.959184        5.4651
1        9.09242

W=2357.43
-1        16.9972
-0.959184        18.1291
-0.918367        18.2952
-0.877551        17.8644
-0.836735        17.0794
-0.795918        16.1598
-0.755102        15.2009
-0.714286        14.2485
-0.673469        13.3181
-0.632653        12.4081
-0.591837        11.5101
-0.55102        10.6097
-0.510204        9.70073
-0.469388        8.78378
-0.428571        7.85977
-0.387755        6.94445
-0.346939        6.05231
-0.306122        5.18713
-0.265306        4.40189
-0.22449        3.69309
-0.183673        3.05163
-0.142857        2.55867
-0.102041        2.16962
-0.0612245        1.86569
-0.0204082        1.7359
0.0204082        1.68608
0.0612245        1.71624
0.102041        1.86361
0.142857        2.04685
0.183673        2.27153
0.22449        2.51365
0.265306        2.74463
0.306122        2.95685
0.346939        3.10005
0.387755        3.18757
0.428571        3.21238
0.469388        3.12425
0.510204        2.95071
0.55102        2.69975
0.591837        2.37311
0.632653        1.97634
0.673469        1.55264
0.714286        1.15066
0.755102        0.8335
0.795918        0.693827
0.836735        0.85884
0.877551        1.50617
0.918367        2.98045
0.959184        5.51597
1        9.62791

W=2405
-1        15.8821
-0.959184        17.456
-0.918367        17.7989
-0.877551        17.3653
-0.836735        16.4654
-0.795918        15.3911
-0.755102        14.2761
-0.714286        13.1914
-0.673469        12.1662
-0.632653        11.2043
-0.591837        10.3021
-0.55102        9.44279
-0.510204        8.60488
-0.469388        7.78149
-0.428571        6.96873
-0.387755        6.17319
-0.346939        5.3982
-0.306122        4.64586
-0.265306        3.95604
-0.22449        3.32677
-0.183673        2.75121
-0.142857        2.29717
-0.102041        1.93148
-0.0612245        1.63844
-0.0204082        1.50005
0.0204082        1.43665
0.0612245        1.44824
0.102041        1.57871
0.142857        1.75066
0.183673        1.97144
0.22449        2.22925
0.265306        2.48844
0.306122        2.74425
0.346939        2.95431
0.387755        3.11938
0.428571        3.23184
0.469388        3.23798
0.510204        3.15341
0.55102        2.98046
0.591837        2.71355
0.632653        2.34322
0.673469        1.90554
0.714286        1.44988
0.755102        1.04096
0.795918        0.781287
0.836735        0.819621
0.877551        1.37039
0.918367        2.8502
0.959184        5.56684
1        10.1634

