W=1700
-0.998027        7.32038
-0.992115        7.28102
-0.982287        7.21588
-0.968583        7.12566
-0.951057        7.01133
-0.929776        6.87412
-0.904827        6.71555
-0.876307        6.53735
-0.844328        6.34154
-0.809017        6.13033
-0.770513        5.90614
-0.728969        5.67158
-0.684547        5.4294
-0.637424        5.18247
-0.587785        4.93373
-0.535827        4.68615
-0.481754        4.4427
-0.425779        4.20628
-0.368125        3.97969
-0.309017        3.76554
-0.24869        3.56626
-0.187381        3.38404
-0.125333        3.22075
-0.0627905        3.07794
-1.60812e-16        2.95681
0.0627905        2.8582
0.125333        2.78253
0.187381        2.72985
0.24869        2.69981
0.309017        2.69168
0.368125        2.70438
0.425779        2.73649
0.481754        2.78629
0.535827        2.8518
0.587785        2.93083
0.637424        3.02101
0.684547        3.11984
0.728969        3.22474
0.770513        3.33312
0.809017        3.44238
0.844328        3.55001
0.876307        3.65357
0.904827        3.7508
0.929776        3.83961
0.951057        3.9181
0.968583        3.98464
0.982287        4.03786
0.992115        4.07667
0.998027        4.10027
1        4.10819

W=1729
-0.998027        25.2732
-0.992115        25.1524
-0.982287        24.9508
-0.968583        24.6686
-0.951057        24.3058
-0.929776        23.863
-0.904827        23.341
-0.876307        22.7418
-0.844328        22.0682
-0.809017        21.324
-0.770513        20.5147
-0.728969        19.647
-0.684547        18.7295
-0.637424        17.7721
-0.587785        16.7861
-0.535827        15.7844
-0.481754        14.7806
-0.425779        13.7892
-0.368125        12.8251
-0.309017        11.9031
-0.24869        11.0373
-0.187381        10.2411
-0.125333        9.52651
-0.0627905        8.90367
-1.60812e-16        8.38081
0.0627905        7.96386
0.125333        7.65634
0.187381        7.4593
0.24869        7.37134
0.309017        7.38873
0.368125        7.50559
0.425779        7.71413
0.481754        8.00494
0.535827        8.36729
0.587785        8.78946
0.637424        9.25909
0.684547        9.76347
0.728969        10.2898
0.770513        10.8256
0.809017        11.3588
0.844328        11.8778
0.876307        12.3721
0.904827        12.8317
0.929776        13.2481
0.951057        13.6135
0.968583        13.9215
0.982287        14.1665
0.992115        14.3446
0.998027        14.4526
1        14.4889

W=1732
-0.998027        26.2628
-0.992115        26.1372
-0.982287        25.9278
-0.968583        25.6345
-0.951057        25.2576
-0.929776        24.7973
-0.904827        24.255
-0.876307        23.6323
-0.844328        22.9323
-0.809017        22.1589
-0.770513        21.3179
-0.728969        20.4163
-0.684547        19.4629
-0.637424        18.4679
-0.587785        17.4434
-0.535827        16.4024
-0.481754        15.3593
-0.425779        14.3291
-0.368125        13.3273
-0.309017        12.3691
-0.24869        11.4695
-0.187381        10.6421
-0.125333        9.89953
-0.0627905        9.2523
-1.60812e-16        8.70897
0.0627905        8.27569
0.125333        7.95613
0.187381        7.75137
0.24869        7.65997
0.309017        7.67804
0.368125        7.79948
0.425779        8.01619
0.481754        8.31838
0.535827        8.69492
0.587785        9.13362
0.637424        9.62164
0.684547        10.1458
0.728969        10.6927
0.770513        11.2495
0.809017        11.8036
0.844328        12.3429
0.876307        12.8565
0.904827        13.3342
0.929776        13.7668
0.951057        14.1466
0.968583        14.4666
0.982287        14.7213
0.992115        14.9063
0.998027        15.0186
1        15.0562

W=1757
-0.998027        35.1533
-0.992115        35.0681
-0.982287        34.9222
-0.968583        34.7099
-0.951057        34.4238
-0.929776        34.0553
-0.904827        33.5955
-0.876307        33.0356
-0.844328        32.3681
-0.809017        31.5872
-0.770513        30.69
-0.728969        29.6769
-0.684547        28.5525
-0.637424        27.3253
-0.587785        26.0087
-0.535827        24.6201
-0.481754        23.181
-0.425779        21.7161
-0.368125        20.2525
-0.309017        18.8187
-0.24869        17.4434
-0.187381        16.1545
-0.125333        14.9777
-0.0627905        13.9357
-1.60812e-16        13.0471
0.0627905        12.3259
0.125333        11.7813
0.187381        11.4169
0.24869        11.2316
0.309017        11.2192
0.368125        11.3693
0.425779        11.668
0.481754        12.0984
0.535827        12.6412
0.587785        13.2762
0.637424        13.9822
0.684547        14.738
0.728969        15.523
0.770513        16.3176
0.809017        17.1034
0.844328        17.8636
0.876307        18.5829
0.904827        19.248
0.929776        19.8471
0.951057        20.3704
0.968583        20.8095
0.982287        21.1577
0.992115        21.4101
0.998027        21.5629
1        21.6141

W=1764
-0.998027        35.7585
-0.992115        35.7203
-0.982287        35.6506
-0.968583        35.5404
-0.951057        35.3784
-0.929776        35.1509
-0.904827        34.8428
-0.876307        34.439
-0.844328        33.9251
-0.809017        33.2888
-0.770513        32.5209
-0.728969        31.6161
-0.684547        30.5744
-0.637424        29.401
-0.587785        28.1074
-0.535827        26.7108
-0.481754        25.2338
-0.425779        23.7038
-0.368125        22.1519
-0.309017        20.6115
-0.24869        19.117
-0.187381        17.7021
-0.125333        16.3983
-0.0627905        15.2336
-1.60812e-16        14.2311
0.0627905        13.4088
0.125333        12.778
0.187381        12.3442
0.24869        12.1064
0.309017        12.058
0.368125        12.1874
0.425779        12.4784
0.481754        12.912
0.535827        13.4665
0.587785        14.1192
0.637424        14.8466
0.684547        15.6256
0.728969        16.4341
0.770513        17.2511
0.809017        18.0575
0.844328        18.836
0.876307        19.571
0.904827        20.2492
0.929776        20.859
0.951057        21.3907
0.968583        21.8363
0.982287        22.1893
0.992115        22.4449
0.998027        22.5996
1        22.6514

W=1783
-0.998027        36.9836
-0.992115        37.0416
-0.982287        37.1284
-0.968583        37.2294
-0.951057        37.3249
-0.929776        37.3915
-0.904827        37.4025
-0.876307        37.3299
-0.844328        37.1457
-0.809017        36.8236
-0.770513        36.341
-0.728969        35.6805
-0.684547        34.8317
-0.637424        33.7921
-0.587785        32.5681
-0.535827        31.1752
-0.481754        29.6377
-0.425779        27.9877
-0.368125        26.264
-0.309017        24.5097
-0.24869        22.7705
-0.187381        21.0921
-0.125333        19.5181
-0.0627905        18.0874
-1.60812e-16        16.8332
0.0627905        15.781
0.125333        14.9479
0.187381        14.3426
0.24869        13.9653
0.309017        13.8087
0.368125        13.8588
0.425779        14.096
0.481754        14.4971
0.535827        15.0361
0.587785        15.686
0.637424        16.4195
0.684547        17.2102
0.728969        18.0335
0.770513        18.8666
0.809017        19.6889
0.844328        20.4823
0.876307        21.231
0.904827        21.9214
0.929776        22.5419
0.951057        23.0827
0.968583        23.5358
0.982287        23.8948
0.992115        24.1547
0.998027        24.3121
1        24.3648

W=1789
-0.998027        35.0596
-0.992115        35.1937
-0.982287        35.405
-0.968583        35.6758
-0.951057        35.9817
-0.929776        36.2933
-0.904827        36.5769
-0.876307        36.7959
-0.844328        36.9133
-0.809017        36.8932
-0.770513        36.7029
-0.728969        36.3158
-0.684547        35.7128
-0.637424        34.8844
-0.587785        33.8315
-0.535827        32.5663
-0.481754        31.112
-0.425779        29.5019
-0.368125        27.7779
-0.309017        25.9881
-0.24869        24.1841
-0.187381        22.4185
-0.125333        20.7418
-0.0627905        19.1998
-1.60812e-16        17.8314
0.0627905        16.667
0.125333        15.7274
0.187381        15.0235
0.24869        14.5565
0.309017        14.3192
0.368125        14.2966
0.425779        14.4681
0.481754        14.8089
0.535827        15.2916
0.587785        15.888
0.637424        16.57
0.684547        17.3109
0.728969        18.0861
0.770513        18.873
0.809017        19.6518
0.844328        20.405
0.876307        21.1173
0.904827        21.7757
0.929776        22.3689
0.951057        22.8872
0.968583        23.3224
0.982287        23.6679
0.992115        23.9185
0.998027        24.0704
1        24.1213

W=1790
-0.998027        35.2639
-0.992115        35.3988
-0.982287        35.6113
-0.968583        35.8836
-0.951057        36.1914
-0.929776        36.5048
-0.904827        36.79
-0.876307        37.0104
-0.844328        37.1284
-0.809017        37.1081
-0.770513        36.9168
-0.728969        36.5274
-0.684547        35.921
-0.637424        35.0877
-0.587785        34.0286
-0.535827        32.756
-0.481754        31.2933
-0.425779        29.6739
-0.368125        27.9398
-0.309017        26.1395
-0.24869        24.325
-0.187381        22.5491
-0.125333        20.8626
-0.0627905        19.3116
-1.60812e-16        17.9353
0.0627905        16.7641
0.125333        15.819
0.187381        15.111
0.24869        14.6413
0.309017        14.4026
0.368125        14.3799
0.425779        14.5524
0.481754        14.8952
0.535827        15.3807
0.587785        15.9805
0.637424        16.6665
0.684547        17.4118
0.728969        18.1915
0.770513        18.983
0.809017        19.7663
0.844328        20.5239
0.876307        21.2404
0.904827        21.9026
0.929776        22.4992
0.951057        23.0205
0.968583        23.4583
0.982287        23.8058
0.992115        24.0579
0.998027        24.2107
1        24.2619

W=1813
-0.998027        31.4579
-0.992115        31.7695
-0.982287        32.2724
-0.968583        32.9423
-0.951057        33.7457
-0.929776        34.6404
-0.904827        35.5766
-0.876307        36.4987
-0.844328        37.3475
-0.809017        38.0631
-0.770513        38.5881
-0.728969        38.8711
-0.684547        38.8703
-0.637424        38.5564
-0.587785        37.9155
-0.535827        36.9503
-0.481754        35.6806
-0.425779        34.1423
-0.368125        32.3856
-0.309017        30.4717
-0.24869        28.4691
-0.187381        26.4491
-0.125333        24.4814
-0.0627905        22.6302
-1.60812e-16        20.9506
0.0627905        19.4859
0.125333        18.2665
0.187381        17.3091
0.24869        16.6175
0.309017        16.1839
0.368125        15.9913
0.425779        16.0154
0.481754        16.2275
0.535827        16.5969
0.587785        17.0925
0.637424        17.6849
0.684547        18.3466
0.728969        19.0535
0.770513        19.7838
0.809017        20.5188
0.844328        21.2414
0.876307        21.9367
0.904827        22.5903
0.929776        23.1893
0.951057        23.7211
0.968583        24.1744
0.982287        24.5388
0.992115        24.8057
0.998027        24.9686
1        25.0234

W=1822
-0.998027        28.4556
-0.992115        28.8517
-0.982287        29.4947
-0.968583        30.3586
-0.951057        31.4072
-0.929776        32.594
-0.904827        33.8633
-0.876307        35.1516
-0.844328        36.3899
-0.809017        37.5065
-0.770513        38.4315
-0.728969        39.1002
-0.684547        39.4579
-0.637424        39.4639
-0.587785        39.0947
-0.535827        38.3462
-0.481754        37.2345
-0.425779        35.7953
-0.368125        34.0817
-0.309017        32.1605
-0.24869        30.1078
-0.187381        28.004
-0.125333        25.9282
-0.0627905        23.9535
-1.60812e-16        22.143
0.0627905        20.5466
0.125333        19.199
0.187381        18.12
0.24869        17.3145
0.309017        16.7747
0.368125        16.4829
0.425779        16.4137
0.481754        16.5376
0.535827        16.8235
0.587785        17.2408
0.637424        17.7607
0.684547        18.3578
0.728969        19.0093
0.770513        19.6956
0.809017        20.3993
0.844328        21.1041
0.876307        21.7946
0.904827        22.4555
0.929776        23.0713
0.951057        23.6265
0.968583        24.1061
0.982287        24.4959
0.992115        24.7839
0.998027        24.9607
1        25.0203

W=1845
-0.998027        21.0118
-0.992115        21.5771
-0.982287        22.5045
-0.968583        23.7704
-0.951057        25.3394
-0.929776        27.163
-0.904827        29.1786
-0.876307        31.3096
-0.844328        33.4675
-0.809017        35.5549
-0.770513        37.4704
-0.728969        39.1149
-0.684547        40.3983
-0.637424        41.2464
-0.587785        41.6067
-0.535827        41.4531
-0.481754        40.7884
-0.425779        39.644
-0.368125        38.078
-0.309017        36.1702
-0.24869        34.016
-0.187381        31.7185
-0.125333        29.3815
-0.0627905        27.1013
-1.60812e-16        24.9615
0.0627905        23.028
0.125333        21.347
0.187381        19.9445
0.24869        18.8283
0.309017        17.9906
0.368125        17.4124
0.425779        17.0678
0.481754        16.9279
0.535827        16.9649
0.587785        17.1538
0.637424        17.474
0.684547        17.909
0.728969        18.4457
0.770513        19.0721
0.809017        19.7757
0.844328        20.5412
0.876307        21.3491
0.904827        22.1751
0.929776        22.99
0.951057        23.7611
0.968583        24.4538
0.982287        25.0347
0.992115        25.4737
0.998027        25.7473
1        25.8403

W=1870
-0.998027        16.193
-0.992115        16.8129
-0.982287        17.842
-0.968583        19.2707
-0.951057        21.0794
-0.929776        23.2339
-0.904827        25.6813
-0.876307        28.3476
-0.844328        31.1376
-0.809017        33.9379
-0.770513        36.6222
-0.728969        39.0597
-0.684547        41.1245
-0.637424        42.706
-0.587785        43.7185
-0.535827        44.1087
-0.481754        43.8607
-0.425779        42.9974
-0.368125        41.578
-0.309017        39.6926
-0.24869        37.4536
-0.187381        34.9857
-0.125333        32.4156
-0.0627905        29.8614
-1.60812e-16        27.4248
0.0627905        25.1855
0.125333        23.1981
0.187381        21.4928
0.24869        20.0781
0.309017        18.9457
0.368125        18.0769
0.425779        17.4483
0.481754        17.0377
0.535827        16.8283
0.587785        16.8102
0.637424        16.9807
0.684547        17.3423
0.728969        17.8989
0.770513        18.6516
0.809017        19.5941
0.844328        20.7087
0.876307        21.9637
0.904827        23.3129
0.929776        24.6969
0.951057        26.046
0.968583        27.2857
0.982287        28.3426
0.992115        29.1508
0.998027        29.6582
1        29.8311

W=1891
-0.998027        15.5428
-0.992115        16.0942
-0.982287        17.0238
-0.968583        18.3419
-0.951057        20.0527
-0.929776        22.1464
-0.904827        24.5914
-0.876307        27.3293
-0.844328        30.2724
-0.809017        33.3055
-0.770513        36.2916
-0.728969        39.0813
-0.684547        41.525
-0.637424        43.4857
-0.587785        44.8518
-0.535827        45.548
-0.481754        45.5417
-0.425779        44.8464
-0.368125        43.5192
-0.309017        41.6549
-0.24869        39.3757
-0.187381        36.8196
-0.125333        34.1267
-0.0627905        31.428
-1.60812e-16        28.835
0.0627905        26.4336
0.125333        24.2809
0.187381        22.4069
0.24869        20.8182
0.309017        19.5054
0.368125        18.4508
0.425779        17.6362
0.481754        17.0495
0.535827        16.6891
0.587785        16.5646
0.637424        16.6957
0.684547        17.1073
0.728969        17.8232
0.770513        18.8584
0.809017        20.2123
0.844328        21.8623
0.876307        23.7604
0.904827        25.8328
0.929776        27.9823
0.951057        30.0947
0.968583        32.0472
0.982287        33.7187
0.992115        35.0004
0.998027        35.8064
1        36.0814

W=1926
-0.998027        20.527
-0.992115        20.7553
-0.982287        21.179
-0.968583        21.8537
-0.951057        22.8393
-0.929776        24.1857
-0.904827        25.9191
-0.876307        28.0305
-0.844328        30.4688
-0.809017        33.1395
-0.770513        35.9102
-0.728969        38.6207
-0.684547        41.099
-0.637424        43.1776
-0.587785        44.7121
-0.535827        45.5955
-0.481754        45.7693
-0.425779        45.229
-0.368125        44.0224
-0.309017        42.2429
-0.24869        40.0179
-0.187381        37.4934
-0.125333        34.8185
-0.0627905        32.1302
-1.60812e-16        29.5422
0.0627905        27.1373
0.125333        24.9657
0.187381        23.0478
0.24869        21.3818
0.309017        19.9538
0.368125        18.7491
0.425779        17.7629
0.481754        17.0077
0.535827        16.5174
0.587785        16.3465
0.637424        16.5639
0.684547        17.2435
0.728969        18.4515
0.770513        20.2323
0.809017        22.5961
0.844328        25.5088
0.876307        28.8863
0.904827        32.5949
0.929776        36.4573
0.951057        40.2638
0.968583        43.7891
0.982287        46.8109
0.992115        49.1302
0.998027        50.5893
1        51.0873

W=1939
-0.998027        22.9886
-0.992115        23.0999
-0.982287        23.339
-0.968583        23.775
-0.951057        24.4851
-0.929776        25.5383
-0.904827        26.9793
-0.876307        28.8157
-0.844328        31.0096
-0.809017        33.4754
-0.770513        36.0847
-0.728969        38.6774
-0.684547        41.0774
-0.637424        43.1112
-0.587785        44.6266
-0.535827        45.509
-0.481754        45.6934
-0.425779        45.17
-0.368125        43.9838
-0.309017        42.227
-0.24869        40.0269
-0.187381        37.5303
-0.125333        34.8869
-0.0627905        32.2336
-1.60812e-16        29.6825
0.0627905        27.3139
0.125333        25.1742
0.187381        23.2798
0.24869        21.6253
0.309017        20.1951
0.368125        18.9751
0.425779        17.9644
0.481754        17.1832
0.535827        16.6765
0.587785        16.5124
0.637424        16.7754
0.684547        17.5545
0.728969        18.9287
0.770513        20.9517
0.809017        23.637
0.844328        26.947
0.876307        30.7867
0.904827        35.0042
0.929776        39.3974
0.951057        43.7278
0.968583        47.7386
0.982287        51.1769
0.992115        53.8159
0.998027        55.4762
1        56.0429

W=1970
-0.998027        30.2772
-0.992115        30.0232
-0.982287        29.6802
-0.968583        29.3552
-0.951057        29.1728
-0.929776        29.2549
-0.904827        29.7
-0.876307        30.5655
-0.844328        31.8559
-0.809017        33.518
-0.770513        35.4446
-0.728969        37.4854
-0.684547        39.4641
-0.637424        41.1992
-0.587785        42.5254
-0.535827        43.3129
-0.481754        43.481
-0.425779        43.0065
-0.368125        41.9229
-0.309017        40.314
-0.24869        38.3006
-0.187381        36.0234
-0.125333        33.6252
-0.0627905        31.2344
-1.60812e-16        28.9522
0.0627905        26.8454
0.125333        24.9457
0.187381        23.2552
0.24869        21.7571
0.309017        20.4293
0.368125        19.2594
0.425779        18.2569
0.481754        17.4625
0.535827        16.951
0.587785        16.8272
0.637424        17.2164
0.684547        18.2475
0.728969        20.0344
0.770513        22.6553
0.809017        26.1337
0.844328        30.4243
0.876307        35.4057
0.904827        40.881
0.929776        46.5875
0.951057        52.2146
0.968583        57.4277
0.982287        61.8975
0.992115        65.3285
0.998027        67.4873
1        68.224

W=1985
-0.998027        34.2607
-0.992115        33.7823
-0.982287        33.0795
-0.968583        32.2797
-0.951057        31.5334
-0.929776        30.9921
-0.904827        30.7852
-0.876307        31.0003
-0.844328        31.6689
-0.809017        32.7606
-0.770513        34.1854
-0.728969        35.8045
-0.684547        37.4477
-0.637424        38.9343
-0.587785        40.0963
-0.535827        40.7979
-0.481754        40.9512
-0.425779        40.5246
-0.368125        39.5437
-0.309017        38.0839
-0.24869        36.2579
-0.187381        34.1984
-0.125333        32.0397
-0.0627905        29.9007
-1.60812e-16        27.8727
0.0627905        26.0116
0.125333        24.3389
0.187381        22.8469
0.24869        21.5115
0.309017        20.3064
0.368125        19.2192
0.425779        18.2646
0.481754        17.4936
0.535827        16.9959
0.587785        16.8951
0.637424        17.3365
0.684547        18.4695
0.728969        20.4256
0.770513        23.2954
0.809017        27.1085
0.844328        31.8171
0.876307        37.2888
0.904827        43.3072
0.929776        49.5829
0.951057        55.7734
0.968583        61.5099
0.982287        66.4291
0.992115        70.2056
0.998027        72.5818
1        73.3928

W=2019
-0.998027        40.0681
-0.992115        39.2749
-0.982287        38.068
-0.968583        36.6036
-0.951057        35.0693
-0.929776        33.6589
-0.904827        32.5463
-0.876307        31.8619
-0.844328        31.6764
-0.809017        31.9916
-0.770513        32.7417
-0.728969        33.8036
-0.684547        35.0137
-0.637424        36.1913
-0.587785        37.1617
-0.535827        37.7789
-0.481754        37.9423
-0.425779        37.6073
-0.368125        36.7867
-0.309017        35.5445
-0.24869        33.9829
-0.187381        32.2244
-0.125333        30.3932
-0.0627905        28.5971
-1.60812e-16        26.915
0.0627905        25.3896
0.125333        24.0279
0.187381        22.8095
0.24869        21.6988
0.309017        20.6629
0.368125        19.688
0.425779        18.7943
0.481754        18.0454
0.535827        17.5502
0.587785        17.4565
0.637424        17.9368
0.684547        19.1674
0.728969        21.3031
0.770513        24.4519
0.809017        28.6512
0.844328        33.8512
0.876307        39.9056
0.904827        46.5739
0.929776        53.5337
0.951057        60.4031
0.968583        66.7711
0.982287        72.2331
0.992115        76.4267
0.998027        79.0656
1        79.9663

W=2031
-0.998027        42.3108
-0.992115        41.3518
-0.982287        39.8769
-0.968583        38.0545
-0.951057        36.0883
-0.929776        34.1918
-0.904827        32.5602
-0.876307        31.3468
-0.844328        30.6445
-0.809017        30.4758
-0.770513        30.7929
-0.728969        31.4869
-0.684547        32.4042
-0.637424        33.3694
-0.587785        34.2091
-0.535827        34.7744
-0.481754        34.959
-0.425779        34.7104
-0.368125        34.032
-0.309017        32.9778
-0.24869        31.6398
-0.187381        30.1305
-0.125333        28.5642
-0.0627905        27.0392
-1.60812e-16        25.6249
0.0627905        24.355
0.125333        23.2285
0.187381        22.2172
0.24869        21.2801
0.309017        20.3805
0.368125        19.5037
0.425779        18.6718
0.481754        17.953
0.535827        17.4634
0.587785        17.3598
0.637424        17.8244
0.684547        19.0428
0.728969        21.1784
0.770513        24.3449
0.809017        28.5834
0.844328        33.8444
0.876307        39.9794
0.904827        46.7433
0.929776        53.807
0.951057        60.7814
0.968583        67.248
0.982287        72.7949
0.992115        77.0539
0.998027        79.7339
1        80.6486

W=2059
-0.998027        45.5154
-0.992115        44.3796
-0.982287        42.6204
-0.968583        40.4208
-0.951057        38.004
-0.929776        35.6062
-0.904827        33.4476
-0.876307        31.7066
-0.844328        30.4998
-0.809017        29.8707
-0.770513        29.7883
-0.728969        30.1549
-0.684547        30.8235
-0.637424        31.6194
-0.587785        32.3657
-0.535827        32.9066
-0.481754        33.1267
-0.425779        32.9636
-0.368125        32.411
-0.309017        31.5141
-0.24869        30.3573
-0.187381        29.0465
-0.125333        27.6899
-0.0627905        26.3799
-1.60812e-16        25.1795
0.0627905        24.1151
0.125333        23.1782
0.187381        22.333
0.24869        21.5319
0.309017        20.7336
0.368125        19.9216
0.425779        19.1198
0.481754        18.4024
0.535827        17.8945
0.587785        17.7652
0.637424        18.2098
0.684547        19.4274
0.728969        21.5924
0.770513        24.827
0.809017        29.1759
0.844328        34.5888
0.876307        40.9116
0.904827        47.8896
0.929776        55.1809
0.951057        62.3821
0.968583        69.0594
0.982287        74.7871
0.992115        79.1847
0.998027        81.9517
1        82.8961

W=2074
-0.998027        47.0807
-0.992115        45.8224
-0.982287        43.863
-0.968583        41.3918
-0.951057        38.6412
-0.929776        35.8595
-0.904827        33.2818
-0.876307        31.1038
-0.844328        29.4609
-0.809017        28.4156
-0.770513        27.9547
-0.728969        27.9962
-0.684547        28.4047
-0.637424        29.0131
-0.587785        29.647
-0.535827        30.1492
-0.481754        30.399
-0.425779        30.3258
-0.368125        29.9135
-0.309017        29.1971
-0.24869        28.2504
-0.187381        27.1698
-0.125333        26.0544
-0.0627905        24.9883
-1.60812e-16        24.0266
0.0627905        23.1888
0.125333        22.4591
0.187381        21.7958
0.24869        21.1462
0.309017        20.4655
0.368125        19.7355
0.425779        18.9809
0.481754        18.2787
0.535827        17.7589
0.587785        17.5962
0.637424        17.9928
0.684547        19.1535
0.728969        21.2581
0.770513        24.432
0.809017        28.722
0.844328        34.0784
0.876307        40.3469
0.904827        47.2719
0.929776        54.5119
0.951057        61.6636
0.968583        68.2952
0.982287        73.9832
0.992115        78.3496
0.998027        81.0969
1        82.0345

W=2106
-0.998027        49.3727
-0.992115        47.9668
-0.982287        45.7639
-0.968583        42.9577
-0.951057        39.7887
-0.929776        36.5172
-0.904827        33.3952
-0.876307        30.6398
-0.844328        28.4113
-0.809017        26.7989
-0.770513        25.8157
-0.728969        25.4031
-0.684547        25.4443
-0.637424        25.7843
-0.587785        26.2536
-0.535827        26.6932
-0.481754        26.9746
-0.425779        27.0156
-0.368125        26.7861
-0.309017        26.3063
-0.24869        25.636
-0.187381        24.8588
-0.125333        24.0623
-0.0627905        23.3201
-1.60812e-16        22.6775
0.0627905        22.1439
0.125333        21.6939
0.187381        21.2762
0.24869        20.8296
0.309017        20.3029
0.368125        19.6744
0.425779        18.9692
0.481754        18.2682
0.535827        17.7089
0.587785        17.4762
0.637424        17.783
0.684547        18.8451
0.728969        20.8507
0.770513        23.9317
0.809017        28.1378
0.844328        33.4196
0.876307        39.6213
0.904827        46.4851
0.929776        53.6675
0.951057        60.7646
0.968583        67.3454
0.982287        72.9885
0.992115        77.3196
0.998027        80.044
1        80.9737

W=2118
-0.998027        49.9769
-0.992115        48.5363
-0.982287        46.2749
-0.968583        43.386
-0.951057        40.1103
-0.929776        36.7094
-0.904827        33.4388
-0.876307        30.5205
-0.844328        28.1218
-0.809017        26.3399
-0.770513        25.1965
-0.728969        24.6412
-0.684547        24.5639
-0.637424        24.8144
-0.587785        25.2259
-0.535827        25.6394
-0.481754        25.9247
-0.425779        25.996
-0.368125        25.819
-0.309017        25.4093
-0.24869        24.8224
-0.187381        24.1377
-0.125333        23.4395
-0.0627905        22.798
-1.60812e-16        22.2556
0.0627905        21.8184
0.125333        21.4577
0.187381        21.1189
0.24869        20.7378
0.309017        20.2606
0.368125        19.6642
0.425779        18.9733
0.481754        18.2698
0.535827        17.6937
0.587785        17.4329
0.637424        17.7042
0.684547        18.727
0.728969        20.6926
0.770513        23.735
0.809017        27.9052
0.844328        33.154
0.876307        39.3252
0.904827        46.1606
0.929776        53.316
0.951057        60.3875
0.968583        66.9447
0.982287        72.5675
0.992115        76.8825
0.998027        79.5967
1        80.5228

W=2147
-0.998027        50.2187
-0.992115        48.7505
-0.982287        46.434
-0.968583        43.4514
-0.951057        40.0318
-0.929776        36.4283
-0.904827        32.8931
-0.876307        29.6527
-0.844328        26.8861
-0.809017        24.7094
-0.770513        23.1677
-0.728969        22.2359
-0.684547        21.8275
-0.637424        21.8119
-0.587785        22.0359
-0.535827        22.3467
-0.481754        22.6137
-0.425779        22.7449
-0.368125        22.696
-0.309017        22.4705
-0.24869        22.1112
-0.187381        21.6855
-0.125333        21.2666
-0.0627905        20.9151
-1.60812e-16        20.6637
0.0627905        20.5095
0.125333        20.4142
0.187381        20.314
0.24869        20.1354
0.309017        19.8168
0.368125        19.3294
0.425779        18.6949
0.481754        17.9954
0.535827        17.3741
0.587785        17.0244
0.637424        17.1702
0.684547        18.0378
0.728969        19.825
0.770513        22.6711
0.809017        26.6306
0.844328        31.6575
0.876307        37.5983
0.904827        44.1986
0.929776        51.1199
0.951057        57.9662
0.968583        64.3171
0.982287        69.7633
0.992115        73.9426
0.998027        76.5711
1        77.4679

W=2158
-0.998027        50.0896
-0.992115        48.6278
-0.982287        46.3177
-0.968583        43.336
-0.951057        39.9055
-0.929776        36.2743
-0.904827        32.6908
-0.876307        29.3808
-0.844328        26.5253
-0.809017        24.2456
-0.770513        22.5937
-0.728969        21.5525
-0.684547        21.0437
-0.637424        20.9438
-0.587785        21.1048
-0.535827        21.3768
-0.481754        21.6301
-0.425779        21.7715
-0.368125        21.7542
-0.309017        21.5783
-0.24869        21.2833
-0.187381        20.933
-0.125333        20.5976
-0.0627905        20.3347
-1.60812e-16        20.1742
0.0627905        20.1102
0.125333        20.1015
0.187381        20.0805
0.24869        19.9707
0.309017        19.7072
0.368125        19.2586
0.425779        18.645
0.481754        17.9481
0.535827        17.3114
0.587785        16.9301
0.637424        17.0302
0.684547        17.8406
0.728969        19.5616
0.770513        22.3345
0.809017        26.2159
0.844328        31.161
0.876307        37.0179
0.904827        43.5338
0.929776        50.3724
0.951057        57.1402
0.968583        63.4199
0.982287        68.8058
0.992115        72.9391
0.998027        75.5387
1        76.4257

W=2188
-0.998027        48.5467
-0.992115        47.1594
-0.982287        44.9565
-0.968583        42.0922
-0.951057        38.7639
-0.929776        35.1948
-0.904827        31.6146
-0.876307        28.2382
-0.844328        25.2461
-0.809017        22.7689
-0.770513        20.8761
-0.728969        19.5734
-0.684547        18.8072
-0.637424        18.4771
-0.587785        18.4537
-0.535827        18.6001
-0.481754        18.7926
-0.425779        18.9385
-0.368125        18.9865
-0.309017        18.9294
-0.24869        18.7979
-0.187381        18.647
-0.125333        18.5384
-0.0627905        18.5218
-1.60812e-16        18.6194
0.0627905        18.8172
0.125333        19.0651
0.187381        19.286
0.24869        19.3929
0.309017        19.3109
0.368125        18.9995
0.425779        18.4712
0.481754        17.803
0.535827        17.1365
0.587785        16.6677
0.637424        16.6255
0.684547        17.2435
0.728969        18.7278
0.770513        21.2259
0.809017        24.8009
0.844328        29.4153
0.876307        34.9252
0.904827        41.0875
0.929776        47.577
0.951057        54.0136
0.968583        59.9943
0.982287        65.1282
0.992115        69.0699
0.998027        71.5497
1        72.3959

W=2202
-0.998027        46.4794
-0.992115        45.1825
-0.982287        43.1164
-0.968583        40.4167
-0.951057        37.2591
-0.929776        33.845
-0.904827        30.3852
-0.876307        27.0813
-0.844328        24.108
-0.809017        21.5969
-0.770513        19.6256
-0.728969        18.2129
-0.684547        17.321
-0.637424        16.8657
-0.587785        16.7321
-0.535827        16.7945
-0.481754        16.9367
-0.425779        17.0691
-0.368125        17.1403
-0.309017        17.1402
-0.24869        17.0953
-0.187381        17.0556
-0.125333        17.0778
-0.0627905        17.2069
-1.60812e-16        17.4608
0.0627905        17.8211
0.125333        18.233
0.187381        18.6142
0.24869        18.8717
0.309017        18.924
0.368125        18.7237
0.425779        18.2768
0.481754        17.6538
0.535827        16.991
0.587785        16.4804
0.637424        16.3482
0.684547        16.8272
0.728969        18.1242
0.770513        20.3893
0.809017        23.6906
0.844328        27.9973
0.876307        33.1751
0.904827        38.9922
0.929776        45.1371
0.951057        51.2449
0.968583        56.9282
0.982287        61.8114
0.992115        65.563
0.998027        67.9241
1        68.7299

W=2224
-0.998027        44.7365
-0.992115        43.5231
-0.982287        41.5836
-0.968583        39.037
-0.951057        36.039
-0.929776        32.7713
-0.904827        29.4275
-0.876307        26.1972
-0.844328        23.249
-0.809017        20.7154
-0.770513        18.681
-0.728969        17.1757
-0.684547        16.1756
-0.637424        15.6104
-0.587785        15.3781
-0.535827        15.3631
-0.481754        15.4557
-0.425779        15.5699
-0.368125        15.6545
-0.309017        15.698
-0.24869        15.7239
-0.187381        15.779
-0.125333        15.9168
-0.0627905        16.1791
-1.60812e-16        16.5803
0.0627905        17.0985
0.125333        17.6741
0.187381        18.2194
0.24869        18.6348
0.309017        18.8314
0.368125        18.7538
0.425779        18.4001
0.481754        17.834
0.535827        17.1861
0.587785        16.644
0.637424        16.4322
0.684547        16.7833
0.728969        17.9062
0.770513        19.955
0.809017        23.0038
0.844328        27.0295
0.876307        31.907
0.904827        37.4156
0.929776        43.2559
0.951057        49.0758
0.968583        54.501
0.982287        59.1682
0.992115        62.7569
0.998027        65.0165
1        65.7879

W=2243
-0.998027        42.7067
-0.992115        41.582
-0.982287        39.7783
-0.968583        37.3986
-0.951057        34.5795
-0.929776        31.4831
-0.904827        28.2856
-0.876307        25.1633
-0.844328        22.2776
-0.809017        19.7597
-0.770513        17.6988
-0.728969        16.1338
-0.684547        15.0529
-0.637424        14.399
-0.587785        14.0823
-0.535827        13.9974
-0.481754        14.0422
-0.425779        14.1348
-0.368125        14.2257
-0.309017        14.3029
-0.24869        14.3877
-0.187381        14.5244
-0.125333        14.7637
-0.0627905        15.1446
-1.60812e-16        15.6793
0.0627905        16.3427
0.125333        17.0725
0.187381        17.7764
0.24869        18.3497
0.309017        18.6968
0.368125        18.7547
0.425779        18.5132
0.481754        18.0272
0.535827        17.4191
0.587785        16.8694
0.637424        16.5969
0.684547        16.8311
0.728969        17.7801
0.770513        19.6003
0.809017        22.3711
0.844328        26.0779
0.876307        30.607
0.904827        35.7514
0.929776        41.2278
0.951057        46.7006
0.968583        51.8129
0.982287        56.2173
0.992115        59.6072
0.998027        61.7429
1        62.4723

W=2261
-0.998027        40.7469
-0.992115        39.7018
-0.982287        38.0209
-0.968583        35.7932
-0.951057        33.1389
-0.929776        30.203
-0.904827        27.1461
-0.876307        24.1325
-0.844328        21.3164
-0.809017        18.8269
-0.770513        16.7561
-0.728969        15.1502
-0.684547        14.0072
-0.637424        13.2811
-0.587785        12.893
-0.535827        12.7471
-0.481754        12.7484
-0.425779        12.8193
-0.368125        12.9125
-0.309017        13.0159
-0.24869        13.1494
-0.187381        13.3553
-0.125333        13.6821
-0.0627905        14.1667
-1.60812e-16        14.8195
0.0627905        15.6138
0.125333        16.4851
0.187381        17.3385
0.24869        18.0651
0.309017        18.5639
0.368125        18.7649
0.425779        18.6494
0.481754        18.2629
0.535827        17.718
0.587785        17.1859
0.637424        16.8774
0.684547        17.0158
0.728969        17.8065
0.770513        19.4062
0.809017        21.8987
0.844328        25.2779
0.876307        29.4421
0.904827        34.1999
0.929776        39.2858
0.951057        44.3838
0.968583        49.156
0.982287        53.2739
0.992115        56.4466
0.998027        58.4469
1        59.1301

W=2282
-0.998027        39.2651
-0.992115        38.2776
-0.982287        36.6848
-0.968583        34.566
-0.951057        32.029
-0.929776        29.206
-0.904827        26.2463
-0.876307        23.3052
-0.844328        20.5315
-0.809017        18.053
-0.770513        15.964
-0.728969        14.3163
-0.684547        13.1157
-0.637424        12.3251
-0.587785        11.8742
-0.535827        11.6747
-0.481754        11.6372
-0.425779        11.6883
-0.368125        11.7821
-0.309017        11.9066
-0.24869        12.081
-0.187381        12.346
-0.125333        12.7484
-0.0627905        13.3241
-1.60812e-16        14.0821
0.0627905        14.995
0.125333        15.997
0.187381        16.9914
0.24869        17.8663
0.309017        18.516
0.368125        18.8641
0.425779        18.8839
0.481754        18.6115
0.535827        18.1493
0.587785        17.6585
0.637424        17.3407
0.684547        17.4121
0.728969        18.0735
0.770513        19.4812
0.809017        21.7222
0.844328        24.7979
0.876307        28.6184
0.904827        33.0076
0.929776        37.7179
0.951057        42.4526
0.968583        46.8941
0.982287        50.7321
0.992115        53.6922
0.998027        55.5596
1        56.1976

W=2304
-0.998027        38.2709
-0.992115        37.3167
-0.982287        35.7748
-0.968583        33.7178
-0.951057        31.2458
-0.929776        28.483
-0.904827        25.5712
-0.876307        22.6604
-0.844328        19.8959
-0.809017        17.4049
-0.770513        15.2838
-0.728969        13.5886
-0.684547        12.3309
-0.637424        11.4801
-0.587785        10.9723
-0.535827        10.725
-0.481754        10.6533
-0.425779        10.6864
-0.368125        10.7798
-0.309017        10.9215
-0.24869        11.1299
-0.187381        11.4442
-0.125333        11.9103
-0.0627905        12.5628
-1.60812e-16        13.4106
0.0627905        14.426
0.125333        15.5431
0.187381        16.6645
0.24869        17.6767
0.309017        18.4708
0.368125        18.9653
0.425779        19.1263
0.481754        18.9809
0.535827        18.6213
0.587785        18.1976
0.637424        17.9008
0.684547        17.9383
0.728969        18.5045
0.770513        19.7527
0.809017        21.7717
0.844328        24.569
0.876307        28.0657
0.904827        32.1006
0.929776        36.4443
0.951057        40.8207
0.968583        44.9329
0.982287        48.4906
0.992115        51.2368
0.998027        52.9701
1        53.5625

W=2318
-0.998027        38.1253
-0.992115        37.1743
-0.982287        35.6366
-0.968583        33.5832
-0.951057        31.1125
-0.929776        28.3468
-0.904827        25.4267
-0.876307        22.501
-0.844328        19.715
-0.809017        17.1966
-0.770513        15.0434
-0.728969        13.3134
-0.684547        12.0205
-0.637424        11.1363
-0.587785        10.5994
-0.535827        10.3287
-0.481754        10.2409
-0.425779        10.2657
-0.368125        10.3591
-0.309017        10.5088
-0.24869        10.7326
-0.187381        11.0695
-0.125333        11.5647
-0.0627905        12.2529
-1.60812e-16        13.1426
0.0627905        14.2066
0.125333        15.3788
0.187381        16.5617
0.24869        17.6411
0.309017        18.5067
0.368125        19.0747
0.425779        19.308
0.481754        19.2297
0.535827        18.927
0.587785        18.5451
0.637424        18.2698
0.684547        18.3041
0.728969        18.8392
0.770513        20.0268
0.809017        21.9557
0.844328        24.6361
0.876307        27.9937
0.904827        31.874
0.929776        36.0559
0.951057        40.2728
0.968583        44.2373
0.982287        47.6687
0.992115        50.3181
0.998027        51.9906
1        52.5622

W=2341
-0.998027        37.6311
-0.992115        36.6729
-0.982287        35.1226
-0.968583        33.0504
-0.951057        30.5535
-0.929776        27.7532
-0.904827        24.7887
-0.876307        21.8083
-0.844328        18.957
-0.809017        16.3637
-0.770513        14.1281
-0.728969        12.3112
-0.684547        10.931
-0.637424        9.96397
-0.587785        9.35364
-0.535827        9.0236
-0.481754        8.89377
-0.425779        8.89611
-0.368125        8.98684
-0.309017        9.15248
-0.24869        9.40863
-0.187381        9.79139
-0.125333        10.3435
-0.0627905        11.0983
-1.60812e-16        12.0646
0.0627905        13.2168
0.125333        14.4922
0.187381        15.7973
0.24869        17.0211
0.309017        18.0547
0.368125        18.8125
0.425779        19.2512
0.481754        19.383
0.535827        19.2798
0.587785        19.0675
0.637424        18.9112
0.684547        18.993
0.728969        19.4864
0.770513        20.5303
0.809017        22.2086
0.844328        24.5349
0.876307        27.4481
0.904827        30.8156
0.929776        34.446
0.951057        38.1076
0.968583        41.5504
0.982287        44.5303
0.992115        46.831
0.998027        48.2833
1        48.7797

W=2355
-0.998027        38.1009
-0.992115        37.1187
-0.982287        35.5298
-0.968583        33.4065
-0.951057        30.8486
-0.929776        27.9802
-0.904827        24.9437
-0.876307        21.8902
-0.844328        18.9674
-0.809017        16.3062
-0.770513        14.0083
-0.728969        12.136
-0.684547        10.7081
-0.637424        9.70183
-0.587785        9.06076
-0.535827        8.70844
-0.481754        8.56441
-0.425779        8.56005
-0.368125        8.65076
-0.309017        8.82217
-0.24869        9.08894
-0.187381        9.48635
-0.125333        10.0566
-0.0627905        10.8328
-1.60812e-16        11.8238
0.0627905        13.0049
0.125333        14.3143
0.187381        15.6596
0.24869        16.9307
0.309017        18.0194
0.368125        18.8397
0.425779        19.3469
0.481754        19.5505
0.535827        19.5184
0.587785        19.3714
0.637424        19.2688
0.684547        19.3868
0.728969        19.8932
0.770513        20.9229
0.809017        22.5573
0.844328        24.8101
0.876307        27.6227
0.904827        30.868
0.929776        34.3623
0.951057        37.8832
0.968583        41.1915
0.982287        44.0533
0.992115        46.262
0.998027        47.6559
1        48.1322

