W=1700
-1        7.32038
-0.959184        7.06434
-0.918367        6.80161
-0.877551        6.54512
-0.836735        6.29612
-0.795918        6.05406
-0.755102        5.81913
-0.714286        5.59153
-0.673469        5.37135
-0.632653        5.15856
-0.591837        4.95403
-0.55102        4.75855
-0.510204        4.57079
-0.469388        4.39047
-0.428571        4.21807
-0.387755        4.05684
-0.346939        3.90293
-0.306122        3.75598
-0.265306        3.62115
-0.22449        3.49433
-0.183673        3.37428
-0.142857        3.26687
-0.102041        3.16756
-0.0612245        3.07492
-0.0204082        2.99618
0.0204082        2.92476
0.0612245        2.86066
0.102041        2.81071
0.142857        2.76765
0.183673        2.733
0.22449        2.71167
0.265306        2.69757
0.306122        2.69207
0.346939        2.69983
0.387755        2.71531
0.428571        2.73897
0.469388        2.77529
0.510204        2.82076
0.55102        2.87491
0.591837        2.93819
0.632653        3.01234
0.673469        3.09661
0.714286        3.19007
0.755102        3.29292
0.795918        3.40521
0.836735        3.52687
0.877551        3.65781
0.918367        3.799
0.959184        3.94895
1        4.10819

W=1719.26
-1        19.2464
-0.959184        18.6296
-0.918367        17.9769
-0.877551        17.3219
-0.836735        16.6672
-0.795918        16.015
-0.755102        15.3676
-0.714286        14.7271
-0.673469        14.0957
-0.632653        13.4748
-0.591837        12.8675
-0.55102        12.2776
-0.510204        11.704
-0.469388        11.1471
-0.428571        10.609
-0.387755        10.0997
-0.346939        9.6104
-0.306122        9.14052
-0.265306        8.70612
-0.22449        8.29635
-0.183673        7.90755
-0.142857        7.55922
-0.102041        7.23772
-0.0612245        6.9383
-0.0204082        6.68608
0.0204082        6.45919
0.0612245        6.25762
0.102041        6.10574
0.142857        5.97824
0.183673        5.8805
0.22449        5.83015
0.265306        5.80554
0.306122        5.81151
0.346939        5.86447
0.387755        5.94466
0.428571        6.05361
0.469388        6.20667
0.510204        6.39126
0.55102        6.60551
0.591837        6.85065
0.632653        7.13207
0.673469        7.44664
0.714286        7.79085
0.755102        8.16484
0.795918        8.56829
0.836735        9.00025
0.877551        9.46003
0.918367        9.94955
0.959184        10.464
1        11.0041

W=1738.53
-1        28.5848
-0.959184        27.8154
-0.918367        26.9771
-0.877551        26.1147
-0.836735        25.23
-0.795918        24.3303
-0.755102        23.4204
-0.714286        22.5051
-0.673469        21.5887
-0.632653        20.6754
-0.591837        19.7703
-0.55102        18.8796
-0.510204        18.0054
-0.469388        17.1495
-0.428571        16.3155
-0.387755        15.5182
-0.346939        14.748
-0.306122        14.0045
-0.265306        13.3117
-0.22449        12.6556
-0.183673        12.0307
-0.142857        11.4676
-0.102041        10.9464
-0.0612245        10.4597
-0.0204082        10.0479
0.0204082        9.67672
0.0612245        9.34619
0.102041        9.09607
0.142857        8.88557
0.183673        8.72345
0.22449        8.63855
0.265306        8.59558
0.306122        8.60242
0.346939        8.68562
0.387755        8.81291
0.428571        8.9867
0.469388        9.23147
0.510204        9.52659
0.55102        9.86887
0.591837        10.26
0.632653        10.7081
0.673469        11.2077
0.714286        11.7529
0.755102        12.3436
0.795918        12.9787
0.836735        13.6564
0.877551        14.3751
0.918367        15.1371
0.959184        15.9349
1        16.769

W=1757.79
-1        35.222
-0.959184        34.6582
-0.918367        33.9772
-0.877551        33.2185
-0.836735        32.3803
-0.795918        31.48
-0.755102        30.5265
-0.714286        29.5283
-0.673469        28.4948
-0.632653        27.4345
-0.591837        26.354
-0.55102        25.2636
-0.510204        24.1733
-0.469388        23.0886
-0.428571        22.015
-0.387755        20.9697
-0.346939        19.9497
-0.306122        18.9554
-0.265306        18.0158
-0.22449        17.1189
-0.183673        16.2589
-0.142857        15.4753
-0.102041        14.7456
-0.0612245        14.0605
-0.0204082        13.4744
0.0204082        12.9433
0.0612245        12.467
0.102041        12.1008
0.142857        11.7892
0.183673        11.5443
0.22449        11.4063
0.265306        11.3263
0.306122        11.3151
0.346939        11.4092
0.387755        11.5635
0.428571        11.7814
0.469388        12.0955
0.510204        12.477
0.55102        12.9211
0.591837        13.4297
0.632653        14.0122
0.673469        14.6604
0.714286        15.366
0.755102        16.1278
0.795918        16.9435
0.836735        17.81
0.877551        18.7241
0.918367        19.6874
0.959184        20.6901
1        21.7318

W=1777.06
-1        36.6005
-0.959184        36.7093
-0.918367        36.6503
-0.877551        36.4336
-0.836735        36.0482
-0.795918        35.5238
-0.755102        34.8731
-0.714286        34.1091
-0.673469        33.2462
-0.632653        32.2993
-0.591837        31.275
-0.55102        30.1869
-0.510204        29.0596
-0.469388        27.9044
-0.428571        26.7286
-0.387755        25.5468
-0.346939        24.3733
-0.306122        23.211
-0.265306        22.086
-0.22449        20.9981
-0.183673        19.9431
-0.142857        18.9632
-0.102041        18.0407
-0.0612245        17.1657
-0.0204082        16.4016
0.0204082        15.7009
0.0612245        15.0637
0.102041        14.5561
0.142857        14.1136
0.183673        13.7507
0.22449        13.5157
0.265306        13.3502
0.306122        13.2672
0.346939        13.3093
0.387755        13.4227
0.428571        13.6107
0.469388        13.9106
0.510204        14.2876
0.55102        14.7356
0.591837        15.2558
0.632653        15.8573
0.673469        16.5297
0.714286        17.2628
0.755102        18.0543
0.795918        18.9007
0.836735        19.7979
0.877551        20.7419
0.918367        21.7335
0.959184        22.7626
1        23.829

W=1796.32
-1        34.2175
-0.959184        35.3131
-0.918367        36.2045
-0.877551        36.8517
-0.836735        37.2278
-0.795918        37.3726
-0.755102        37.3004
-0.714286        37.0264
-0.673469        36.5695
-0.632653        35.9506
-0.591837        35.1743
-0.55102        34.2566
-0.510204        33.2412
-0.469388        32.1467
-0.428571        30.9821
-0.387755        29.7547
-0.346939        28.5056
-0.306122        27.241
-0.265306        25.9784
-0.22449        24.7369
-0.183673        23.516
-0.142857        22.3557
-0.102041        21.2492
-0.0612245        20.1876
-0.0204082        19.2387
0.0204082        18.3574
0.0612245        17.5436
0.102041        16.872
0.142857        16.2726
0.183673        15.7617
0.22449        15.3941
0.265306        15.1041
0.306122        14.9064
0.346939        14.8478
0.387755        14.8678
0.428571        14.9699
0.469388        15.1937
0.510204        15.5001
0.55102        15.8821
0.591837        16.3401
0.632653        16.883
0.673469        17.499
0.714286        18.1774
0.755102        18.9158
0.795918        19.7112
0.836735        20.5603
0.877551        21.4606
0.918367        22.4158
0.959184        23.4181
1        24.4713

W=1815.59
-1        30.5945
-0.959184        32.668
-0.918367        34.5238
-0.877551        36.0665
-0.836735        37.2508
-0.795918        38.1208
-0.755102        38.6892
-0.714286        38.9708
-0.673469        38.9871
-0.632653        38.7633
-0.591837        38.3006
-0.55102        37.6158
-0.510204        36.7716
-0.469388        35.7939
-0.428571        34.693
-0.387755        33.4673
-0.346939        32.1866
-0.306122        30.8606
-0.265306        29.4959
-0.22449        28.1335
-0.183673        26.7768
-0.142857        25.462
-0.102041        24.1948
-0.0612245        22.9679
-0.0204082        21.8517
0.0204082        20.8051
0.0612245        19.8284
0.102041        19.0025
0.142857        18.2544
0.183673        17.6016
0.22449        17.1039
0.265306        16.6901
0.306122        16.3761
0.346939        16.2119
0.387755        16.1317
0.428571        16.1393
0.469388        16.2754
0.510204        16.4984
0.55102        16.8004
0.591837        17.1818
0.632653        17.6518
0.673469        18.1986
0.714286        18.8124
0.755102        19.4922
0.795918        20.2375
0.836735        21.0476
0.877551        21.9244
0.918367        22.8792
0.959184        23.9076
1        25.0225

W=1834.85
-1        24.2958
-0.959184        27.3953
-0.918367        30.3302
-0.877551        32.9279
-0.836735        35.1136
-0.795918        36.9189
-0.755102        38.3448
-0.714286        39.3976
-0.673469        40.0955
-0.632653        40.4637
-0.591837        40.4953
-0.55102        40.2041
-0.510204        39.674
-0.469388        38.9389
-0.428571        38.0096
-0.387755        36.8703
-0.346939        35.629
-0.306122        34.3
-0.265306        32.8728
-0.22449        31.4186
-0.183673        29.947
-0.142857        28.4855
-0.102041        27.059
-0.0612245        25.6628
-0.0204082        24.3663
0.0204082        23.138
0.0612245        21.9778
0.102041        20.9706
0.142857        20.0436
0.183673        19.2148
0.22449        18.5469
0.265306        17.9659
0.306122        17.4881
0.346939        17.1643
0.387755        16.9264
0.428571        16.7781
0.469388        16.7609
0.510204        16.833
0.55102        16.9872
0.591837        17.2255
0.632653        17.5612
0.673469        17.9879
0.714286        18.5002
0.755102        19.105
0.795918        19.8114
0.836735        20.6307
0.877551        21.5785
0.918367        22.6934
0.959184        23.9793
1        25.4785

W=1854.12
-1        19.2544
-0.959184        23.0177
-0.918367        26.7237
-0.877551        30.1279
-0.836735        33.1226
-0.795918        35.7122
-0.755102        37.8784
-0.714286        39.6132
-0.673469        40.9254
-0.632653        41.8362
-0.591837        42.3281
-0.55102        42.4085
-0.510204        42.1787
-0.469388        41.6787
-0.428571        40.919
-0.387755        39.8695
-0.346939        38.6736
-0.306122        37.35
-0.265306        35.8716
-0.22449        34.3383
-0.183673        32.7653
-0.142857        31.1721
-0.102041        29.6016
-0.0612245        28.0519
-0.0204082        26.5905
0.0204082        25.1952
0.0612245        23.8659
0.102041        22.6898
0.142857        21.5948
0.183673        20.5996
0.22449        19.7677
0.265306        19.0238
0.306122        18.3843
0.346939        17.9
0.387755        17.5022
0.428571        17.1947
0.469388        17.0207
0.510204        16.9401
0.55102        16.9482
0.591837        17.0502
0.632653        17.2686
0.673469        17.6064
0.714286        18.0665
0.755102        18.6693
0.795918        19.4405
0.836735        20.4103
0.877551        21.6176
0.918367        23.145
0.959184        25.0081
1        27.2958

W=1873.38
-1        16.0883
-0.959184        20.0827
-0.918367        24.1777
-0.877551        28.0668
-0.836735        31.6085
-0.795918        34.7657
-0.755102        37.4942
-0.714286        39.7659
-0.673469        41.5751
-0.632653        42.9344
-0.591837        43.8137
-0.55102        44.212
-0.510204        44.2415
-0.469388        43.9467
-0.428571        43.3369
-0.387755        42.3689
-0.346939        41.2161
-0.306122        39.9009
-0.265306        38.3817
-0.22449        36.7834
-0.183673        35.1263
-0.142857        33.4227
-0.102041        31.7313
-0.0612245        30.0523
-0.0204082        28.4521
0.0204082        26.9156
0.0612245        25.443
0.102041        24.1226
0.142857        22.8832
0.183673        21.7435
0.22449        20.7668
0.265306        19.8774
0.306122        19.0916
0.346939        18.4593
0.387755        17.9129
0.428571        17.4567
0.469388        17.1366
0.510204        16.9166
0.55102        16.7956
0.591837        16.784
0.632653        16.919
0.673469        17.2176
0.714286        17.6942
0.755102        18.3888
0.795918        19.3505
0.836735        20.6363
0.877551        22.317
0.918367        24.5368
0.959184        27.3262
1        30.8378

W=1892.65
-1        15.7774
-0.959184        19.4064
-0.918367        23.3451
-0.877551        27.2442
-0.836735        30.9302
-0.795918        34.3101
-0.755102        37.3071
-0.714286        39.8679
-0.673469        41.9672
-0.632653        43.6033
-0.591837        44.7331
-0.55102        45.3441
-0.510204        45.5513
-0.469388        45.4004
-0.428571        44.8987
-0.387755        43.9928
-0.346939        42.8761
-0.306122        41.5733
-0.265306        40.033
-0.22449        38.3976
-0.183673        36.6905
-0.142857        34.9196
-0.102041        33.1544
-0.0612245        31.3964
-0.0204082        29.711
0.0204082        28.0877
0.0612245        26.5266
0.102041        25.1152
0.142857        23.7833
0.183673        22.5492
0.22449        21.4733
0.265306        20.4816
0.306122        19.5898
0.346939        18.8454
0.387755        18.1847
0.428571        17.6125
0.469388        17.1789
0.510204        16.8547
0.55102        16.644
0.591837        16.5654
0.632653        16.6765
0.673469        17.014
0.714286        17.6085
0.755102        18.526
0.795918        19.8477
0.836735        21.6663
0.877551        24.0954
0.918367        27.3613
0.959184        31.5129
1        36.7876

W=1911.91
-1        18.5208
-0.959184        21.1253
-0.918367        24.2885
-0.877551        27.6452
-0.836735        30.9954
-0.795918        34.1784
-0.755102        37.081
-0.714286        39.6207
-0.673469        41.748
-0.632653        43.4426
-0.591837        44.6486
-0.55102        45.3401
-0.510204        45.6244
-0.469388        45.5445
-0.428571        45.1051
-0.387755        44.2472
-0.346939        43.1698
-0.306122        41.8984
-0.265306        40.3783
-0.22449        38.7579
-0.183673        37.0619
-0.142857        35.2976
-0.102041        33.5373
-0.0612245        31.783
-0.0204082        30.0993
0.0204082        28.4764
0.0612245        26.914
0.102041        25.496
0.142857        24.1534
0.183673        22.9034
0.22449        21.8003
0.265306        20.7744
0.306122        19.8396
0.346939        19.0392
0.387755        18.3168
0.428571        17.6776
0.469388        17.1764
0.510204        16.7941
0.55102        16.542
0.591837        16.4492
0.632653        16.5994
0.673469        17.0543
0.714286        17.8648
0.755102        19.13
0.795918        20.9707
0.836735        23.524
0.877551        26.9561
0.918367        31.595
0.959184        37.5116
1        45.0471

W=1931.18
-1        21.5072
-0.959184        23.0885
-0.918367        25.4637
-0.877551        28.2558
-0.836735        31.2409
-0.795918        34.194
-0.755102        36.9678
-0.714286        39.4522
-0.673469        41.5748
-0.632653        43.2979
-0.591837        44.5534
-0.55102        45.3029
-0.510204        45.6454
-0.469388        45.6212
-0.428571        45.2321
-0.387755        44.4151
-0.346939        43.3724
-0.306122        42.1303
-0.265306        40.6316
-0.22449        39.0294
-0.183673        37.349
-0.142857        35.5977
-0.102041        33.8497
-0.0612245        32.1072
-0.0204082        30.4344
0.0204082        28.8211
0.0612245        27.2672
0.102041        25.8527
0.142857        24.5097
0.183673        23.2542
0.22449        22.1346
0.265306        21.0852
0.306122        20.1184
0.346939        19.2731
0.387755        18.5
0.428571        17.8049
0.469388        17.2467
0.510204        16.8162
0.55102        16.5316
0.591837        16.4318
0.632653        16.6255
0.673469        17.1983
0.714286        18.2203
0.755102        19.8224
0.795918        22.1629
0.836735        25.4211
0.877551        29.8136
0.918367        35.7652
0.959184        43.3674
1        53.0606

W=1950.44
-1        25.6786
-0.959184        26.0387
-0.918367        27.4008
-0.877551        29.397
-0.836735        31.7884
-0.795918        34.2931
-0.755102        36.7347
-0.714286        38.9794
-0.673469        40.9342
-0.632653        42.5445
-0.591837        43.7331
-0.55102        44.4507
-0.510204        44.783
-0.469388        44.7652
-0.428571        44.3967
-0.387755        43.6142
-0.346939        42.6131
-0.306122        41.4187
-0.265306        39.9768
-0.22449        38.4363
-0.183673        36.8216
-0.142857        35.1423
-0.102041        33.4692
-0.0612245        31.8037
-0.0204082        30.2099
0.0204082        28.6745
0.0612245        27.1977
0.102041        25.8538
0.142857        24.5761
0.183673        23.3794
0.22449        22.3042
0.265306        21.2904
0.306122        20.3483
0.346939        19.5107
0.387755        18.7369
0.428571        18.0331
0.469388        17.4599
0.510204        17.0188
0.55102        16.7342
0.591837        16.6539
0.632653        16.9084
0.673469        17.6053
0.714286        18.8322
0.755102        20.7481
0.795918        23.5454
0.836735        27.4408
0.877551        32.6956
0.918367        39.8205
0.959184        48.9256
1        60.5386

W=1969.71
-1        30.208
-0.959184        29.209
-0.918367        29.4275
-0.877551        30.5107
-0.836735        32.2069
-0.795918        34.1752
-0.755102        36.2097
-0.714286        38.1521
-0.673469        39.888
-0.632653        41.345
-0.591837        42.4369
-0.55102        43.1032
-0.510204        43.4135
-0.469388        43.3971
-0.428571        43.0507
-0.387755        42.3117
-0.346939        41.3653
-0.306122        40.2355
-0.265306        38.872
-0.22449        37.4173
-0.183673        35.8943
-0.142857        34.3151
-0.102041        32.7459
-0.0612245        31.1869
-0.0204082        29.7017
0.0204082        28.2736
0.0612245        26.9025
0.102041        25.6562
0.142857        24.4699
0.183673        23.3566
0.22449        22.3478
0.265306        21.3899
0.306122        20.4908
0.346939        19.6762
0.387755        18.9153
0.428571        18.2145
0.469388        17.6353
0.510204        17.1908
0.55102        16.9121
0.591837        16.8559
0.632653        17.1749
0.673469        17.9991
0.714286        19.4346
0.755102        21.669
0.795918        24.9293
0.836735        29.4707
0.877551        35.6002
0.918367        43.9155
0.959184        54.5461
1        68.1084

W=1988.97
-1        34.9389
-0.959184        32.3351
-0.918367        31.1606
-0.877551        31.0961
-0.836735        31.885
-0.795918        33.1287
-0.755102        34.5933
-0.714286        36.0973
-0.673469        37.5044
-0.632653        38.7235
-0.591837        39.6606
-0.55102        40.2431
-0.510204        40.5185
-0.469388        40.5079
-0.428571        40.2047
-0.387755        39.5493
-0.346939        38.7076
-0.306122        37.7012
-0.265306        36.4867
-0.22449        35.1932
-0.183673        33.8412
-0.142857        32.4463
-0.102041        31.0657
-0.0612245        29.6989
-0.0204082        28.4069
0.0204082        27.1687
0.0612245        25.9844
0.102041        24.912
0.142857        23.8902
0.183673        22.9298
0.22449        22.0501
0.265306        21.2069
0.306122        20.4049
0.346939        19.6589
0.387755        18.9513
0.428571        18.2881
0.469388        17.7278
0.510204        17.2963
0.55102        17.0314
0.591837        16.9971
0.632653        17.3637
0.673469        18.282
0.714286        19.8746
0.755102        22.3538
0.795918        25.9761
0.836735        31.0298
0.877551        37.8602
0.918367        47.138
0.959184        59.0082
1        74.1605

W=2008.24
-1        38.2294
-0.959184        34.5456
-0.918367        32.4369
-0.877551        31.6065
-0.836735        31.7947
-0.795918        32.5629
-0.755102        33.6581
-0.714286        34.8824
-0.673469        36.0842
-0.632653        37.1589
-0.591837        38.0067
-0.55102        38.5464
-0.510204        38.8107
-0.469388        38.8145
-0.428571        38.5491
-0.387755        37.9563
-0.346939        37.1897
-0.306122        36.2696
-0.265306        35.1564
-0.22449        33.9714
-0.183673        32.7338
-0.142857        31.461
-0.102041        30.2052
-0.0612245        28.9651
-0.0204082        27.8005
0.0204082        26.6879
0.0612245        25.6272
0.102041        24.6702
0.142857        23.7578
0.183673        22.8993
0.22449        22.106
0.265306        21.3394
0.306122        20.6023
0.346939        19.9018
0.387755        19.2287
0.428571        18.5889
0.469388        18.0377
0.510204        17.6097
0.55102        17.3466
0.591837        17.317
0.632653        17.7018
0.673469        18.6644
0.714286        20.3381
0.755102        22.9504
0.795918        26.7758
0.836735        32.1224
0.877551        39.359
0.918367        49.1993
0.959184        61.7974
1        77.8851

W=2027.5
-1        41.6567
-0.959184        36.6444
-0.918367        33.3595
-0.877551        31.5432
-0.836735        30.9395
-0.795918        31.0687
-0.755102        31.6585
-0.714286        32.494
-0.673469        33.4068
-0.632653        34.2768
-0.591837        34.9986
-0.55102        35.481
-0.510204        35.7353
-0.469388        35.7686
-0.428571        35.569
-0.387755        35.0806
-0.346939        34.4379
-0.306122        33.6591
-0.265306        32.7097
-0.22449        31.6988
-0.183673        30.643
-0.142857        29.5618
-0.102041        28.5003
-0.0612245        27.4564
-0.0204082        26.4862
0.0204082        25.5642
0.0612245        24.6903
0.102041        23.9067
0.142857        23.159
0.183673        22.454
0.22449        21.7921
0.265306        21.1435
0.306122        20.5079
0.346939        19.882
0.387755        19.2681
0.428571        18.6712
0.469388        18.1407
0.510204        17.7215
0.55102        17.4593
0.591837        17.4263
0.632653        17.8121
0.673469        18.7919
0.714286        20.5089
0.755102        23.2034
0.795918        27.1652
0.836735        32.7189
0.877551        40.2517
0.918367        50.5111
0.959184        63.6562
1        80.4496

W=2046.76
-1        44.1151
-0.959184        38.1962
-0.918367        34.1064
-0.877551        31.6153
-0.836735        30.471
-0.795918        30.1665
-0.755102        30.4163
-0.714286        30.9939
-0.673469        31.7187
-0.632653        32.4598
-0.591837        33.107
-0.55102        33.5615
-0.510204        33.8197
-0.469388        33.8831
-0.428571        33.7369
-0.387755        33.3262
-0.346939        32.7732
-0.306122        32.0944
-0.265306        31.2582
-0.22449        30.3661
-0.183673        29.4336
-0.142857        28.481
-0.102041        27.5491
-0.0612245        26.6357
-0.0204082        25.7947
0.0204082        24.999
0.0612245        24.2487
0.102041        23.58
0.142857        22.941
0.183673        22.3372
0.22449        21.7615
0.265306        21.1898
0.306122        20.6197
0.346939        20.0402
0.387755        19.4615
0.428571        18.8882
0.469388        18.3646
0.510204        17.943
0.55102        17.6716
0.591837        17.6251
0.632653        17.9978
0.673469        18.973
0.714286        20.7001
0.755102        23.4275
0.795918        27.454
0.836735        33.1138
0.877551        40.8045
0.918367        51.2919
0.959184        64.7362
1        81.914

W=2066.03
-1        46.2489
-0.959184        39.4958
-0.918367        34.648
-0.877551        31.509
-0.836735        29.8357
-0.795918        29.1004
-0.755102        29.0085
-0.714286        29.324
-0.673469        29.8564
-0.632653        30.4647
-0.591837        31.035
-0.55102        31.4615
-0.510204        31.7253
-0.469388        31.8217
-0.428571        31.7335
-0.387755        31.4064
-0.346939        30.9494
-0.306122        30.3775
-0.265306        29.6615
-0.22449        28.8951
-0.183673        28.0927
-0.142857        27.2747
-0.102041        26.4782
-0.0612245        25.7006
-0.0204082        24.993
0.0204082        24.3278
0.0612245        23.7049
0.102041        23.154
0.142857        22.6266
0.183673        22.1267
0.22449        21.6393
0.265306        21.1465
0.306122        20.6436
0.346939        20.1117
0.387755        19.5689
0.428571        19.0193
0.469388        18.5013
0.510204        18.0743
0.55102        17.7886
0.591837        17.7205
0.632653        18.0675
0.673469        19.0191
0.714286        20.7295
0.755102        23.4526
0.795918        27.4931
0.836735        33.1913
0.877551        40.9503
0.918367        51.5442
0.959184        65.1317
1        82.4923

W=2085.29
-1        47.8896
-0.959184        40.3901
-0.918367        34.8251
-0.877551        31.0439
-0.836735        28.8226
-0.795918        27.6255
-0.755102        27.1557
-0.714286        27.1732
-0.673469        27.4806
-0.632653        27.9289
-0.591837        28.4023
-0.55102        28.789
-0.510204        29.0531
-0.469388        29.1831
-0.428571        29.1591
-0.387755        28.9281
-0.346939        28.5829
-0.306122        28.1361
-0.265306        27.5616
-0.22449        26.9434
-0.183673        26.2942
-0.142857        25.6345
-0.102041        24.9968
-0.0612245        24.3783
-0.0204082        23.8264
0.0204082        23.313
0.0612245        22.8382
0.102041        22.424
0.142857        22.0262
0.183673        21.6469
0.22449        21.2626
0.265306        20.8619
0.306122        20.4382
0.346939        19.9628
0.387755        19.4629
0.428571        18.9418
0.469388        18.43
0.510204        17.9942
0.55102        17.6865
0.591837        17.5836
0.632653        17.8837
0.673469        18.78
0.714286        20.4302
0.755102        23.0902
0.795918        27.0665
0.836735        32.6997
0.877551        40.3919
0.918367        50.9125
0.959184        64.413
1        81.6601

W=2104.56
-1        49.2695
-0.959184        41.1977
-0.918367        35.0712
-0.877551        30.7798
-0.836735        28.1173
-0.795918        26.5452
-0.755102        25.7666
-0.714286        25.539
-0.673469        25.6604
-0.632653        25.9755
-0.591837        26.3675
-0.55102        26.7195
-0.510204        26.9815
-0.469388        27.1367
-0.428571        27.1629
-0.387755        27.0079
-0.346939        26.7512
-0.306122        26.4037
-0.265306        25.9418
-0.22449        25.4416
-0.183673        24.9144
-0.142857        24.381
-0.102041        23.8702
-0.0612245        23.3788
-0.0204082        22.9518
0.0204082        22.5604
0.0612245        22.2046
0.102041        21.9006
0.142857        21.6073
0.183673        21.3252
0.22449        21.0238
0.265306        20.6969
0.306122        20.3358
0.346939        19.9041
0.387755        19.4363
0.428571        18.9348
0.469388        18.4236
0.510204        17.9753
0.55102        17.644
0.591837        17.507
0.632653        17.7626
0.673469        18.6083
0.714286        20.2046
0.755102        22.8098
0.795918        26.732
0.836735        32.3127
0.877551        39.9535
0.918367        50.42
0.959184        63.8576
1        81.0215

W=2123.82
-1        50.0255
-0.959184        41.6269
-0.918367        35.1331
-0.877551        30.4764
-0.836735        27.4734
-0.795918        25.5963
-0.755102        24.5551
-0.714286        24.1107
-0.673469        24.0607
-0.632653        24.2474
-0.591837        24.5548
-0.55102        24.8633
-0.510204        25.1116
-0.469388        25.2782
-0.428571        25.339
-0.387755        25.2434
-0.346939        25.0583
-0.306122        24.7932
-0.265306        24.427
-0.22449        24.0282
-0.183673        23.6069
-0.142857        23.1845
-0.102041        22.7859
-0.0612245        22.4078
-0.0204082        22.0932
0.0204082        21.8123
0.0612245        21.565
0.102041        21.3626
0.142857        21.166
0.183673        20.9746
0.22449        20.7512
0.265306        20.4942
0.306122        20.1928
0.346939        19.8029
0.387755        19.3656
0.428571        18.8823
0.469388        18.3699
0.510204        17.9068
0.55102        17.548
0.591837        17.371
0.632653        17.5733
0.673469        18.3555
0.714286        19.8805
0.755102        22.4074
0.795918        26.245
0.836735        31.7344
0.877551        39.2745
0.918367        49.6245
0.959184        62.9226
1        79.9093

W=2143.09
-1        50.1861
-0.959184        41.619
-0.918367        34.866
-0.877551        29.9092
-0.836735        26.5962
-0.795918        24.4231
-0.755102        23.1145
-0.714286        22.4401
-0.673469        22.2014
-0.632653        22.2409
-0.591837        22.4458
-0.55102        22.6959
-0.510204        22.9185
-0.469388        23.0875
-0.428571        23.1773
-0.387755        23.1398
-0.346939        23.0275
-0.306122        22.8482
-0.265306        22.5843
-0.22449        22.2951
-0.183673        21.989
-0.142857        21.6886
-0.102041        21.4142
-0.0612245        21.1618
-0.0204082        20.9729
0.0204082        20.8159
0.0612245        20.6909
0.102041        20.6038
0.142857        20.5176
0.183673        20.4305
0.22449        20.2979
0.265306        20.123
0.306122        19.893
0.346939        19.5545
0.387755        19.1559
0.428571        18.6975
0.469388        18.1871
0.510204        17.7087
0.55102        17.3185
0.591837        17.0928
0.632653        17.2266
0.673469        17.9219
0.714286        19.3433
0.755102        21.749
0.795918        25.4459
0.836735        30.7719
0.877551        38.1205
0.918367        48.2367
0.959184        61.2506
1        77.88

W=2162.35
-1        49.8657
-0.959184        41.3237
-0.918367        34.4792
-0.877551        29.3598
-0.836735        25.8433
-0.795918        23.4575
-0.755102        21.9442
-0.714286        21.0848
-0.673469        20.6879
-0.632653        20.5988
-0.591837        20.7092
-0.55102        20.8997
-0.510204        21.0898
-0.469388        21.2498
-0.428571        21.3534
-0.387755        21.3553
-0.346939        21.2957
-0.306122        21.1809
-0.265306        20.9974
-0.22449        20.7958
-0.183673        20.5832
-0.142857        20.3842
-0.102041        20.2142
-0.0612245        20.0686
-0.0204082        19.9886
0.0204082        19.9401
0.0612245        19.9232
0.102041        19.9405
0.142857        19.9551
0.183673        19.9644
0.22449        19.9178
0.265306        19.8215
0.306122        19.6611
0.346939        19.3747
0.387755        19.0163
0.428571        18.5852
0.469388        18.0801
0.510204        17.5898
0.55102        17.1708
0.591837        16.8985
0.632653        16.9638
0.673469        17.57
0.714286        18.8831
0.755102        21.1598
0.795918        24.7053
0.836735        29.8546
0.877551        36.9962
0.918367        46.8628
0.959184        59.5783
1        75.841

W=2181.62
-1        48.8749
-0.959184        40.5602
-0.918367        33.787
-0.877551        28.6279
-0.836735        24.9946
-0.795918        22.4566
-0.755102        20.7789
-0.714286        19.7593
-0.673469        19.2169
-0.632653        19.0034
-0.591837        19.0164
-0.55102        19.1402
-0.510204        19.2882
-0.469388        19.4283
-0.428571        19.534
-0.387755        19.5637
-0.346939        19.5458
-0.306122        19.485
-0.265306        19.3725
-0.22449        19.2503
-0.183673        19.124
-0.142857        19.0208
-0.102041        18.9508
-0.0612245        18.9086
-0.0204082        18.9363
0.0204082        18.9964
0.0612245        19.0887
0.102041        19.2136
0.142857        19.3334
0.183673        19.4449
0.22449        19.4918
0.265306        19.4826
0.306122        19.401
0.346939        19.1767
0.387755        18.8686
0.428571        18.4745
0.469388        17.9828
0.510204        17.4865
0.55102        17.0421
0.591837        16.7226
0.632653        16.7127
0.673469        17.2156
0.714286        18.3979
0.755102        20.5134
0.795918        23.8636
0.836735        28.7793
0.877551        35.6425
0.918367        45.1702
0.959184        57.4815
1        73.2532

W=2200.88
-1        46.6444
-0.959184        38.8497
-0.918367        32.3663
-0.877551        27.318
-0.836735        23.6594
-0.795918        21.022
-0.755102        19.2046
-0.714286        18.03
-0.673469        17.335
-0.632653        16.9823
-0.591837        16.8797
-0.55102        16.9184
-0.510204        17.0079
-0.469388        17.1143
-0.428571        17.2117
-0.387755        17.2641
-0.346939        17.286
-0.306122        17.2805
-0.265306        17.2455
-0.22449        17.212
-0.183673        17.1833
-0.142857        17.1911
-0.102041        17.2382
-0.0612245        17.3179
-0.0204082        17.4748
0.0204082        17.6662
0.0612245        17.892
0.102041        18.1509
0.142857        18.4035
0.183673        18.6458
0.22449        18.8164
0.265306        18.9248
0.306122        18.9529
0.346939        18.8207
0.387755        18.5913
0.428571        18.2611
0.469388        17.8041
0.510204        17.3168
0.55102        16.8543
0.591837        16.4851
0.632653        16.3824
0.673469        16.7452
0.714286        17.7387
0.755102        19.6089
0.795918        22.6487
0.836735        27.1791
0.877551        33.5698
0.918367        42.5094
0.959184        54.1122
1        69.0226

W=2220.15
-1        45.0417
-0.959184        37.6558
-0.918367        31.421
-0.877551        26.4935
-0.836735        22.8555
-0.795918        20.1815
-0.755102        18.294
-0.714286        17.033
-0.673469        16.2479
-0.632653        15.8096
-0.591837        15.6328
-0.55102        15.6142
-0.510204        15.6618
-0.469388        15.741
-0.428571        15.8266
-0.387755        15.8867
-0.346939        15.9276
-0.306122        15.9512
-0.265306        15.9604
-0.22449        15.9793
-0.183673        16.0096
-0.142857        16.0869
-0.102041        16.2091
-0.0612245        16.3685
-0.0204082        16.6125
0.0204082        16.8939
0.0612245        17.2128
0.102041        17.5683
0.142857        17.9179
0.183673        18.2577
0.22449        18.5232
0.265306        18.7235
0.306122        18.8394
0.346939        18.784
0.387755        18.6225
0.428571        18.3498
0.469388        17.9297
0.510204        17.4602
0.55102        16.995
0.591837        16.5992
0.632653        16.4365
0.673469        16.7032
0.714286        17.5631
0.755102        19.257
0.795918        22.0719
0.836735        26.3227
0.877551        32.3717
0.918367        40.8903
0.959184        51.9923
1        66.3031

W=2239.41
-1        43.09
-0.959184        36.178
-0.918367        30.2516
-0.877551        25.4956
-0.836735        21.919
-0.795918        19.2408
-0.755102        17.3079
-0.714286        15.9783
-0.673469        15.1151
-0.632653        14.5989
-0.591837        14.3516
-0.55102        14.2763
-0.510204        14.2808
-0.469388        14.3305
-0.428571        14.401
-0.387755        14.465
-0.346939        14.5209
-0.306122        14.5699
-0.265306        14.6198
-0.22449        14.6879
-0.183673        14.7745
-0.142857        14.9193
-0.102041        15.115
-0.0612245        15.3527
-0.0204082        15.6839
0.0204082        16.0562
0.0612245        16.4696
0.102041        16.9252
0.142857        17.3765
0.183673        17.8198
0.22449        18.189
0.265306        18.4913
0.306122        18.7069
0.346939        18.7429
0.387755        18.6651
0.428571        18.4668
0.469388        18.1014
0.510204        17.6668
0.55102        17.2148
0.591837        16.8055
0.632653        16.5909
0.673469        16.7618
0.714286        17.4794
0.755102        18.9761
0.795918        21.5301
0.836735        25.4475
0.877551        31.0799
0.918367        39.0751
0.959184        49.5471
1        63.0985

W=2258.68
-1        40.9999
-0.959184        34.5655
-0.918367        28.9621
-0.877551        24.3976
-0.836735        20.9043
-0.795918        18.2433
-0.755102        16.284
-0.714286        14.902
-0.673469        13.9737
-0.632653        13.389
-0.591837        13.0774
-0.55102        12.9489
-0.510204        12.9118
-0.469388        12.9317
-0.428571        12.9854
-0.387755        13.0504
-0.346939        13.1179
-0.306122        13.1881
-0.265306        13.2742
-0.22449        13.387
-0.183673        13.5251
-0.142857        13.7326
-0.102041        13.9972
-0.0612245        14.3088
-0.0204082        14.7233
0.0204082        15.1832
0.0612245        15.6885
0.102041        16.2432
0.142857        16.7965
0.183673        17.3452
0.22449        17.8228
0.265306        18.2338
0.306122        18.5581
0.346939        18.6982
0.387755        18.7187
0.428571        18.6119
0.469388        18.3207
0.510204        17.9415
0.55102        17.5232
0.591837        17.1202
0.632653        16.8704
0.673469        16.9565
0.714286        17.535
0.755102        18.8273
0.795918        21.0995
0.836735        24.6454
0.877551        29.8022
0.918367        37.1878
0.959184        46.9161
1        59.5615

W=2277.94
-1        39.5515
-0.959184        33.4304
-0.918367        28.0367
-0.877551        23.594
-0.836735        20.1498
-0.795918        17.4931
-0.755102        15.5089
-0.714286        14.0843
-0.673469        13.1051
-0.632653        12.4677
-0.591837        12.1069
-0.55102        11.9373
-0.510204        11.8678
-0.469388        11.8641
-0.428571        11.9042
-0.387755        11.9687
-0.346939        12.0437
-0.306122        12.129
-0.265306        12.2416
-0.22449        12.3876
-0.183673        12.5642
-0.142857        12.8193
-0.102041        13.1367
-0.0612245        13.5054
-0.0204082        13.9849
0.0204082        14.5139
0.0612245        15.0924
0.102041        15.7276
0.142857        16.3645
0.183673        17.0007
0.22449        17.5707
0.265306        18.0756
0.306122        18.4955
0.346939        18.7303
0.387755        18.8428
0.428571        18.8239
0.469388        18.6092
0.510204        18.2925
0.55102        17.9201
0.591837        17.5414
0.632653        17.2815
0.673469        17.3157
0.714286        17.795
0.755102        18.9307
0.795918        20.9774
0.836735        24.2167
0.877551        28.9722
0.918367        35.8338
0.959184        44.915
1        56.7644

W=2297.21
-1        38.5779
-0.959184        32.6432
-0.918367        27.368
-0.877551        22.9869
-0.836735        19.5574
-0.795918        16.8868
-0.755102        14.8705
-0.714286        13.4034
-0.673469        12.3776
-0.632653        11.6939
-0.591837        11.2908
-0.55102        11.0863
-0.510204        10.9893
-0.469388        10.9657
-0.428571        10.9939
-0.387755        11.0575
-0.346939        11.1382
-0.306122        11.2352
-0.265306        11.3691
-0.22449        11.5417
-0.183673        11.7494
-0.142857        12.043
-0.102041        12.4033
-0.0612245        12.8184
-0.0204082        13.3514
0.0204082        13.9377
0.0612245        14.5772
0.102041        15.2805
0.142857        15.9889
0.183673        16.7008
0.22449        17.3524
0.265306        17.9417
0.306122        18.4488
0.346939        18.773
0.387755        18.974
0.428571        19.0422
0.469388        18.9076
0.510204        18.6609
0.55102        18.3456
0.591837        18.0064
0.632653        17.757
0.673469        17.7645
0.714286        18.1745
0.755102        19.1876
0.795918        21.0462
0.836735        24.0197
0.877551        28.4172
0.918367        34.7996
0.959184        43.2786
1        54.3763

W=2316.47
-1        38.1412
-0.959184        32.2728
-0.918367        27.0268
-0.877551        22.646
-0.836735        19.1938
-0.795918        16.4881
-0.755102        14.4293
-0.714286        12.9174
-0.673469        11.8474
-0.632653        11.1226
-0.591837        10.6837
-0.55102        10.4504
-0.510204        10.3312
-0.469388        10.2916
-0.428571        10.3104
-0.387755        10.3733
-0.346939        10.4584
-0.306122        10.5645
-0.265306        10.7148
-0.22449        10.908
-0.183673        11.1398
-0.142857        11.4635
-0.102041        11.8573
-0.0612245        12.3088
-0.0204082        12.8842
0.0204082        13.516
0.0612245        14.2042
0.102041        14.9624
0.142857        15.7289
0.183673        16.5027
0.22449        17.2218
0.265306        17.8813
0.306122        18.4616
0.346939        18.862
0.387755        19.1395
0.428571        19.2839
0.469388        19.2214
0.510204        19.04
0.55102        18.7806
0.591837        18.4845
0.632653        18.2562
0.673469        18.256
0.714286        18.6246
0.755102        19.5539
0.795918        21.2761
0.836735        24.0496
0.877551        28.1716
0.918367        34.178
0.959184        42.1784
1        52.6715

W=2335.74
-1        37.7442
-0.959184        31.8365
-0.918367        26.5381
-0.877551        22.0963
-0.836735        18.5765
-0.795918        15.8002
-0.755102        13.671
-0.714286        12.091
-0.673469        10.9575
-0.632653        10.1753
-0.591837        9.68724
-0.55102        9.41488
-0.510204        9.26538
-0.469388        9.20378
-0.428571        9.20924
-0.387755        9.26985
-0.346939        9.35901
-0.306122        9.47488
-0.265306        9.64317
-0.22449        9.85863
-0.183673        10.1162
-0.142857        10.4708
-0.102041        10.8985
-0.0612245        11.3863
-0.0204082        12.003
0.0204082        12.6793
0.0612245        13.4151
0.102041        14.229
0.142857        15.0558
0.183673        15.896
0.22449        16.693
0.265306        17.4371
0.306122        18.1104
0.346939        18.6165
0.387755        19.0059
0.428571        19.2684
0.469388        19.3294
0.510204        19.2696
0.55102        19.1256
0.591837        18.9329
0.632653        18.782
0.673469        18.8186
0.714286        19.172
0.755102        20.0156
0.795918        21.5603
0.836735        24.0404
0.877551        27.725
0.918367        33.0967
0.959184        40.255
1        49.6455

W=2355
-1        38.1009
-0.959184        32.0347
-0.918367        26.5917
-0.877551        22.0234
-0.836735        18.3951
-0.795918        15.5245
-0.755102        13.3138
-0.714286        11.664
-0.673469        10.4715
-0.632653        9.64022
-0.591837        9.11309
-0.55102        8.81146
-0.510204        8.64019
-0.469388        8.56345
-0.428571        8.56027
-0.387755        8.61987
-0.346939        8.7122
-0.306122        8.83497
-0.265306        9.01546
-0.22449        9.24581
-0.183673        9.52042
-0.142857        9.89554
-0.102041        10.3457
-0.0612245        10.8575
-0.0204082        11.5017
0.0204082        12.2077
0.0612245        12.9754
0.102041        13.8267
0.142857        14.6943
0.183673        15.5792
0.22449        16.429
0.265306        17.2306
0.306122        17.9672
0.346939        18.5457
0.387755        19.0124
0.428571        19.3571
0.469388        19.5055
0.510204        19.5336
0.55102        19.4754
0.591837        19.363
0.632653        19.2787
0.673469        19.3591
0.714286        19.7258
0.755102        20.5409
0.795918        22.0013
0.836735        24.3257
0.877551        27.7643
0.918367        32.7644
0.959184        39.4172
1        48.1322

