W=1694
-1        13.6104
-0.959184        13.5414
-0.918367        13.4709
-0.877551        13.4023
-0.836735        13.3359
-0.795918        13.2716
-0.755102        13.2094
-0.714286        13.1493
-0.673469        13.0912
-0.632653        13.0352
-0.591837        12.9815
-0.55102        12.9302
-0.510204        12.881
-0.469388        12.8337
-0.428571        12.7885
-0.387755        12.7462
-0.346939        12.7058
-0.306122        12.6672
-0.265306        12.6316
-0.22449        12.598
-0.183673        12.5662
-0.142857        12.5376
-0.102041        12.511
-0.0612245        12.4861
-0.0204082        12.4646
0.0204082        12.445
0.0612245        12.4272
0.102041        12.4129
0.142857        12.4003
0.183673        12.3899
0.22449        12.3829
0.265306        12.3777
0.306122        12.3746
0.346939        12.375
0.387755        12.3773
0.428571        12.3818
0.469388        12.3896
0.510204        12.3999
0.55102        12.4124
0.591837        12.4274
0.632653        12.4454
0.673469        12.4661
0.714286        12.4893
0.755102        12.5153
0.795918        12.5439
0.836735        12.5752
0.877551        12.6093
0.918367        12.6464
0.959184        12.6861
1        12.7287

W=1718.52
-1        20.234
-0.959184        19.8325
-0.918367        19.4241
-0.877551        19.0292
-0.836735        18.6507
-0.795918        18.2877
-0.755102        17.9405
-0.714286        17.6097
-0.673469        17.2955
-0.632653        16.9979
-0.591837        16.7186
-0.55102        16.4594
-0.510204        16.2172
-0.469388        15.9912
-0.428571        15.7824
-0.387755        15.5977
-0.346939        15.4287
-0.306122        15.2745
-0.265306        15.146
-0.22449        15.0343
-0.183673        14.9368
-0.142857        14.8658
-0.102041        14.8117
-0.0612245        14.7716
-0.0204082        14.7605
0.0204082        14.7647
0.0612245        14.7844
0.102041        14.8342
0.142857        14.8988
0.183673        14.9816
0.22449        15.0939
0.265306        15.2225
0.306122        15.3705
0.346939        15.5497
0.387755        15.7474
0.428571        15.9652
0.469388        16.215
0.510204        16.4889
0.55102        16.7865
0.591837        17.1094
0.632653        17.464
0.673469        17.8494
0.714286        18.2641
0.755102        18.71
0.795918        19.1886
0.836735        19.7012
0.877551        20.2492
0.918367        20.8383
0.959184        21.4646
1        22.1323

W=1743.03
-1        21.4817
-0.959184        20.8556
-0.918367        20.2161
-0.877551        19.5963
-0.836735        19.0013
-0.795918        18.4305
-0.755102        17.8853
-0.714286        17.3669
-0.673469        16.876
-0.632653        16.4127
-0.591837        15.9802
-0.55102        15.5815
-0.510204        15.2115
-0.469388        14.8687
-0.428571        14.555
-0.387755        14.2814
-0.346939        14.0338
-0.306122        13.8108
-0.265306        13.6299
-0.22449        13.4765
-0.183673        13.3461
-0.142857        13.2583
-0.102041        13.1975
-0.0612245        13.1589
-0.0204082        13.1663
0.0204082        13.198
0.0612245        13.254
0.102041        13.3574
0.142857        13.4841
0.183673        13.6396
0.22449        13.8414
0.265306        14.0693
0.306122        14.3283
0.346939        14.6374
0.387755        14.977
0.428571        15.3491
0.469388        15.7744
0.510204        16.2405
0.55102        16.7467
0.591837        17.2967
0.632653        17.9019
0.673469        18.5619
0.714286        19.2748
0.755102        20.0445
0.795918        20.8749
0.836735        21.769
0.877551        22.7306
0.918367        23.7715
0.959184        24.8853
1        26.0808

W=1767.55
-1        20.4942
-0.959184        19.8189
-0.918367        19.1137
-0.877551        18.4186
-0.836735        17.7414
-0.795918        17.0854
-0.755102        16.4545
-0.714286        15.852
-0.673469        15.2801
-0.632653        14.7402
-0.591837        14.2372
-0.55102        13.7752
-0.510204        13.3486
-0.469388        12.9559
-0.428571        12.5992
-0.387755        12.2925
-0.346939        12.0179
-0.306122        11.7736
-0.265306        11.5807
-0.22449        11.421
-0.183673        11.289
-0.142857        11.2077
-0.102041        11.158
-0.0612245        11.1342
-0.0204082        11.1638
0.0204082        11.2212
0.0612245        11.3065
0.102041        11.4456
0.142857        11.6114
0.183673        11.8098
0.22449        12.0615
0.265306        12.3431
0.306122        12.6606
0.346939        13.0368
0.387755        13.4492
0.428571        13.9006
0.469388        14.4164
0.510204        14.9828
0.55102        15.5994
0.591837        16.2714
0.632653        17.0143
0.673469        17.8291
0.714286        18.7139
0.755102        19.6751
0.795918        20.7188
0.836735        21.8502
0.877551        23.0754
0.918367        24.412
0.959184        25.8518
1        27.4087

W=1792.07
-1        17.9942
-0.959184        17.3968
-0.918367        16.7436
-0.877551        16.0771
-0.836735        15.408
-0.795918        14.7467
-0.755102        14.1008
-0.714286        13.477
-0.673469        12.8801
-0.632653        12.3136
-0.591837        11.7842
-0.55102        11.298
-0.510204        10.8497
-0.469388        10.4382
-0.428571        10.066
-0.387755        9.74864
-0.346939        9.46649
-0.306122        9.21753
-0.265306        9.0246
-0.22449        8.86711
-0.183673        8.73931
-0.142857        8.665
-0.102041        8.6236
-0.0612245        8.60917
-0.0204082        8.6493
0.0204082        8.71753
0.0612245        8.81387
0.102041        8.96436
0.142857        9.1416
0.183673        9.35151
0.22449        9.61513
0.265306        9.90929
0.306122        10.2401
0.346939        10.6317
0.387755        11.0615
0.428571        11.5327
0.469388        12.0734
0.510204        12.6698
0.55102        13.322
0.591837        14.0366
0.632653        14.8321
0.673469        15.711
0.714286        16.672
0.755102        17.7235
0.795918        18.8737
0.836735        20.1297
0.877551        21.4997
0.918367        23.0063
0.959184        24.6403
1        26.4193

W=1816.59
-1        14.6633
-0.959184        14.4501
-0.918367        14.131
-0.877551        13.7414
-0.836735        13.2942
-0.795918        12.8139
-0.755102        12.3151
-0.714286        11.8102
-0.673469        11.3095
-0.632653        10.8209
-0.591837        10.3529
-0.55102        9.91453
-0.510204        9.50504
-0.469388        9.12487
-0.428571        8.77725
-0.387755        8.47688
-0.346939        8.20749
-0.306122        7.96739
-0.265306        7.7772
-0.22449        7.61863
-0.183673        7.4865
-0.142857        7.40186
-0.102041        7.34625
-0.0612245        7.3144
-0.0204082        7.33039
0.0204082        7.37098
0.0612245        7.43618
0.102041        7.54907
0.142857        7.6858
0.183673        7.8517
0.22449        8.06657
0.265306        8.30991
0.306122        8.58761
0.346939        8.92398
0.387755        9.29822
0.428571        9.71373
0.469388        10.2005
0.510204        10.7457
0.55102        11.3505
0.591837        12.0226
0.632653        12.7837
0.673469        13.6381
0.714286        14.5856
0.755102        15.637
0.795918        16.8029
0.836735        18.093
0.877551        19.5181
0.918367        21.1068
0.959184        22.8494
1        24.7688

W=1841.1
-1        11.5233
-0.959184        11.7765
-0.918367        11.8744
-0.877551        11.8402
-0.836735        11.6878
-0.795918        11.4554
-0.755102        11.1645
-0.714286        10.8328
-0.673469        10.4757
-0.632653        10.1057
-0.591837        9.73292
-0.55102        9.36876
-0.510204        9.01835
-0.469388        8.68429
-0.428571        8.37038
-0.387755        8.08919
-0.346939        7.8307
-0.306122        7.59396
-0.265306        7.39557
-0.22449        7.22208
-0.183673        7.06951
-0.142857        6.95501
-0.102041        6.86415
-0.0612245        6.79266
-0.0204082        6.76076
0.0204082        6.74966
0.0612245        6.75935
0.102041        6.81042
0.142857        6.8828
0.183673        6.98131
0.22449        7.12531
0.265306        7.29655
0.306122        7.50086
0.346939        7.7637
0.387755        8.06543
0.428571        8.40984
0.469388        8.82987
0.510204        9.31374
0.55102        9.86345
0.591837        10.4886
0.632653        11.2157
0.673469        12.0515
0.714286        12.9978
0.755102        14.0693
0.795918        15.2809
0.836735        16.6467
0.877551        18.183
0.918367        19.929
0.959184        21.8754
1        24.0551

W=1865.62
-1        8.10174
-0.959184        8.85737
-0.918367        9.42328
-0.877551        9.80465
-0.836735        10.0131
-0.795918        10.097
-0.755102        10.0819
-0.714286        9.989
-0.673469        9.83714
-0.632653        9.64209
-0.591837        9.41387
-0.55102        9.16493
-0.510204        8.9073
-0.469388        8.64602
-0.428571        8.38507
-0.387755        8.13245
-0.346939        7.88845
-0.306122        7.65328
-0.265306        7.43677
-0.22449        7.23417
-0.183673        7.04346
-0.142857        6.87634
-0.102041        6.72524
-0.0612245        6.58735
-0.0204082        6.47858
0.0204082        6.3863
0.0612245        6.31051
0.102041        6.26987
0.142857        6.24836
0.183673        6.25041
0.22449        6.29561
0.265306        6.36761
0.306122        6.47237
0.346939        6.63734
0.387755        6.84355
0.428571        7.09544
0.469388        7.43057
0.510204        7.83828
0.55102        8.32226
0.591837        8.89522
0.632653        9.59143
0.673469        10.4233
0.714286        11.3966
0.755102        12.5335
0.795918        13.8579
0.836735        15.3935
0.877551        17.168
0.918367        19.2429
0.959184        21.6117
1        24.3289

W=1890.14
-1        5.37266
-0.959184        6.51031
-0.918367        7.44267
-0.877551        8.1585
-0.836735        8.66625
-0.795918        9.01944
-0.755102        9.24472
-0.714286        9.36441
-0.673469        9.39879
-0.632653        9.36516
-0.591837        9.27235
-0.55102        9.13249
-0.510204        8.9631
-0.469388        8.77111
-0.428571        8.56036
-0.387755        8.33398
-0.346939        8.10223
-0.306122        7.86651
-0.265306        7.63
-0.22449        7.39673
-0.183673        7.16667
-0.142857        6.94665
-0.102041        6.73588
-0.0612245        6.53291
-0.0204082        6.35043
0.0204082        6.18123
0.0612245        6.02533
0.102041        5.9005
0.142857        5.79361
0.183673        5.70891
0.22449        5.66663
0.265306        5.65142
0.306122        5.66947
0.346939        5.7503
0.387755        5.87514
0.428571        6.04903
0.469388        6.31438
0.510204        6.66166
0.55102        7.09642
0.591837        7.63486
0.632653        8.32012
0.673469        9.17106
0.714286        10.1982
0.755102        11.433
0.795918        12.9097
0.836735        14.6635
0.877551        16.7354
0.918367        19.2134
0.959184        22.0936
1        25.4556

W=1914.66
-1        3.63561
-0.959184        4.96906
-0.918367        6.10587
-0.877551        7.02251
-0.836735        7.72386
-0.795918        8.26166
-0.755102        8.66042
-0.714286        8.94054
-0.673469        9.12094
-0.632653        9.21807
-0.591837        9.23825
-0.55102        9.19158
-0.510204        9.09865
-0.469388        8.96738
-0.428571        8.80098
-0.387755        8.59769
-0.346939        8.37644
-0.306122        8.13967
-0.265306        7.88464
-0.22449        7.62351
-0.183673        7.35805
-0.142857        7.0914
-0.102041        6.8289
-0.0612245        6.57012
-0.0204082        6.32625
0.0204082        6.09405
0.0612245        5.87354
0.102041        5.6829
0.142857        5.51018
0.183673        5.3597
0.22449        5.25253
0.265306        5.17325
0.306122        5.12829
0.346939        5.14884
0.387755        5.21593
0.428571        5.33512
0.469388        5.5532
0.510204        5.86199
0.55102        6.26908
0.591837        6.79431
0.632653        7.49029
0.673469        8.3833
0.714286        9.48954
0.755102        10.8505
0.795918        12.5125
0.836735        14.5234
0.877551        16.9388
0.918367        19.8753
0.959184        23.3314
1        27.4125

W=1939.17
-1        2.50545
-0.959184        3.83168
-0.918367        4.99695
-0.877551        5.97086
-0.836735        6.75514
-0.795918        7.39231
-0.755102        7.90102
-0.714286        8.29628
-0.673469        8.59215
-0.632653        8.80116
-0.591837        8.92534
-0.55102        8.97019
-0.510204        8.95627
-0.469388        8.89124
-0.428571        8.7769
-0.387755        8.60582
-0.346939        8.4046
-0.306122        8.17661
-0.265306        7.91319
-0.22449        7.63466
-0.183673        7.34461
-0.142857        7.04315
-0.102041        6.74176
-0.0612245        6.44087
-0.0204082        6.15145
0.0204082        5.87325
0.0612245        5.60628
0.102041        5.3698
0.142857        5.15171
0.183673        4.95648
0.22449        4.80516
0.265306        4.68178
0.306122        4.59268
0.346939        4.56878
0.387755        4.59162
0.428571        4.66701
0.469388        4.84408
0.510204        5.11726
0.55102        5.4966
0.591837        6.00571
0.632653        6.70713
0.673469        7.63611
0.714286        8.81587
0.755102        10.2993
0.795918        12.1459
0.836735        14.4174
0.877551        17.1841
0.918367        20.5911
0.959184        24.636
1        29.4457

W=1963.69
-1        2.32814
-0.959184        3.47553
-0.918367        4.50232
-0.877551        5.38144
-0.836735        6.11524
-0.795918        6.73561
-0.755102        7.255
-0.714286        7.68233
-0.673469        8.02558
-0.632653        8.2918
-0.591837        8.47848
-0.55102        8.58544
-0.510204        8.62974
-0.469388        8.61746
-0.428571        8.54856
-0.387755        8.41069
-0.346939        8.23462
-0.306122        8.02424
-0.265306        7.76662
-0.22449        7.4879
-0.183673        7.19296
-0.142857        6.8806
-0.102041        6.56663
-0.0612245        6.25191
-0.0204082        5.94882
0.0204082        5.65804
0.0612245        5.37958
0.102041        5.13423
0.142857        4.90818
0.183673        4.70601
0.22449        4.54765
0.265306        4.41616
0.306122        4.31744
0.346939        4.27967
0.387755        4.28574
0.428571        4.34129
0.469388        4.49467
0.510204        4.74377
0.55102        5.10088
0.591837        5.5925
0.632653        6.28851
0.673469        7.23207
0.714286        8.45236
0.755102        10.0109
0.795918        11.9764
0.836735        14.4186
0.877551        17.4156
0.918367        21.1246
0.959184        25.534
1        30.7695

W=1988.21
-1        2.58454
-0.959184        3.54772
-0.918367        4.41423
-0.877551        5.16606
-0.836735        5.80964
-0.795918        6.37062
-0.755102        6.85785
-0.714286        7.2761
-0.673469        7.6286
-0.632653        7.91774
-0.591837        8.13746
-0.55102        8.28259
-0.510204        8.36572
-0.469388        8.39105
-0.428571        8.35674
-0.387755        8.24655
-0.346939        8.09311
-0.306122        7.90057
-0.265306        7.65309
-0.22449        7.38072
-0.183673        7.08921
-0.142857        6.77706
-0.102041        6.46303
-0.0612245        6.14812
-0.0204082        5.84686
0.0204082        5.55971
0.0612245        5.28666
0.102041        5.05021
0.142857        4.83414
0.183673        4.64321
0.22449        4.4958
0.265306        4.37391
0.306122        4.28284
0.346939        4.24723
0.387755        4.25153
0.428571        4.30104
0.469388        4.44198
0.510204        4.67567
0.55102        5.01624
0.591837        5.49228
0.632653        6.17873
0.673469        7.1247
0.714286        8.36356
0.755102        9.96202
0.795918        11.9932
0.836735        14.5297
0.877551        17.649
0.918367        21.5048
0.959184        26.0697
1        31.4478

W=2012.72
-1        3.06818
-0.959184        3.81412
-0.918367        4.47585
-0.877551        5.0517
-0.836735        5.55667
-0.795918        6.01337
-0.755102        6.42897
-0.714286        6.80515
-0.673469        7.14068
-0.632653        7.43303
-0.591837        7.67267
-0.55102        7.84878
-0.510204        7.96761
-0.469388        8.0306
-0.428571        8.03368
-0.387755        7.95648
-0.346939        7.83205
-0.306122        7.6646
-0.265306        7.43553
-0.22449        7.17835
-0.183673        6.8996
-0.142857        6.59803
-0.102041        6.29514
-0.0612245        5.99196
-0.0204082        5.70613
0.0204082        5.43706
0.0612245        5.18476
0.102041        4.97378
0.142857        4.78449
0.183673        4.62185
0.22449        4.50163
0.265306        4.40452
0.306122        4.33489
0.346939        4.31165
0.387755        4.32168
0.428571        4.36963
0.469388        4.49709
0.510204        4.70992
0.55102        5.02417
0.591837        5.47009
0.632653        6.12645
0.673469        7.04794
0.714286        8.2714
0.755102        9.86643
0.795918        11.9071
0.836735        14.4631
0.877551        17.6028
0.918367        21.459
0.959184        25.9757
1        31.2075

W=2037.24
-1        3.59064
-0.959184        4.15424
-0.918367        4.63182
-0.877551        5.04053
-0.836735        5.4063
-0.795918        5.75265
-0.755102        6.08734
-0.714286        6.41071
-0.673469        6.71829
-0.632653        7.00343
-0.591837        7.25382
-0.55102        7.45339
-0.510204        7.60178
-0.469388        7.69752
-0.428571        7.73431
-0.387755        7.68773
-0.346939        7.59058
-0.306122        7.4471
-0.265306        7.23609
-0.22449        6.99419
-0.183673        6.72866
-0.142857        6.43887
-0.102041        6.14888
-0.0612245        5.85962
-0.0204082        5.5925
0.0204082        5.34538
0.0612245        5.11828
0.102041        4.93822
0.142857        4.78149
0.183673        4.65326
0.22449        4.56646
0.265306        4.50009
0.306122        4.45745
0.346939        4.45084
0.387755        4.46973
0.428571        4.51798
0.469388        4.63142
0.510204        4.82084
0.55102        5.10423
0.591837        5.51331
0.632653        6.13007
0.673469        7.01462
0.714286        8.20692
0.755102        9.77842
0.795918        11.8023
0.836735        14.3424
0.877551        17.4539
0.918367        21.2394
0.959184        25.6074
1        30.5482

W=2061.76
-1        4.06437
-0.959184        4.50216
-0.918367        4.84108
-0.877551        5.11617
-0.836735        5.36455
-0.795918        5.61382
-0.755102        5.87411
-0.714286        6.146
-0.673469        6.42324
-0.632653        6.69624
-0.591837        6.95073
-0.55102        7.16633
-0.510204        7.33672
-0.469388        7.45778
-0.428571        7.52117
-0.387755        7.49882
-0.346939        7.42306
-0.306122        7.29812
-0.265306        7.10051
-0.22449        6.8697
-0.183673        6.61358
-0.142857        6.33238
-0.102041        6.05252
-0.0612245        5.77475
-0.0204082        5.52459
0.0204082        5.29807
0.0612245        5.09519
0.102041        4.94583
0.142857        4.82177
0.183673        4.7285
0.22449        4.67613
0.265306        4.6417
0.306122        4.62742
0.346939        4.63878
0.387755        4.66769
0.428571        4.71714
0.469388        4.8168
0.510204        4.98239
0.55102        5.23384
0.591837        5.6042
0.632653        6.17846
0.673469        7.02217
0.714286        8.17843
0.755102        9.7204
0.795918        11.72
0.836735        14.2346
0.877551        17.3054
0.918367        21.0023
0.959184        25.1965
1        29.8096

W=2086.28
-1        4.47466
-0.959184        4.8311
-0.918367        5.06464
-0.877551        5.22731
-0.836735        5.36764
-0.795918        5.52085
-0.755102        5.70167
-0.714286        5.91292
-0.673469        6.14836
-0.632653        6.39682
-0.591837        6.64311
-0.55102        6.86343
-0.510204        7.04568
-0.469388        7.18308
-0.428571        7.26536
-0.387755        7.26104
-0.346939        7.20133
-0.306122        7.09035
-0.265306        6.90272
-0.22449        6.68035
-0.183673        6.43168
-0.142857        6.15858
-0.102041        5.88951
-0.0612245        5.62488
-0.0204082        5.39574
0.0204082        5.19521
0.0612245        5.02331
0.102041        4.91378
0.142857        4.83234
0.183673        4.78492
0.22449        4.77822
0.265306        4.78639
0.306122        4.8103
0.346939        4.84632
0.387755        4.88924
0.428571        4.94078
0.469388        5.02153
0.510204        5.15325
0.55102        5.35795
0.591837        5.6698
0.632653        6.17622
0.673469        6.94928
0.714286        8.03625
0.755102        9.51223
0.795918        11.4477
0.836735        13.8927
0.877551        16.8715
0.918367        20.4139
0.959184        24.3464
1        28.5062

W=2110.79
-1        4.8074
-0.959184        5.11375
-0.918367        5.27297
-0.877551        5.34935
-0.836735        5.40015
-0.795918        5.46865
-0.755102        5.57482
-0.714286        5.72476
-0.673469        5.9135
-0.632653        6.12951
-0.591837        6.35764
-0.55102        6.57198
-0.510204        6.75548
-0.469388        6.89909
-0.428571        6.99094
-0.387755        6.99688
-0.346939        6.94652
-0.306122        6.8438
-0.265306        6.66215
-0.22449        6.4452
-0.183673        6.20178
-0.142857        5.93601
-0.102041        5.67782
-0.0612245        5.42713
-0.0204082        5.22124
0.0204082        5.04968
0.0612245        4.91246
0.102041        4.84773
0.142857        4.81436
0.183673        4.8188
0.22449        4.86411
0.265306        4.92108
0.306122        4.98912
0.346939        5.05436
0.387755        5.11455
0.428571        5.16986
0.469388        5.23021
0.510204        5.32368
0.55102        5.4744
0.591837        5.71737
0.632653        6.14176
0.673469        6.82673
0.714286        7.82437
0.755102        9.21207
0.795918        11.0594
0.836735        13.4094
0.877551        16.269
0.918367        19.6272
0.959184        23.2639
1        26.9277

W=2135.31
-1        5.01814
-0.959184        5.32286
-0.918367        5.46285
-0.877551        5.50598
-0.836735        5.51292
-0.795918        5.53341
-0.755102        5.59191
-0.714286        5.69803
-0.673469        5.84907
-0.632653        6.03454
-0.591837        6.24033
-0.55102        6.44012
-0.510204        6.61418
-0.469388        6.75213
-0.428571        6.8412
-0.387755        6.84583
-0.346939        6.79418
-0.306122        6.69005
-0.265306        6.50651
-0.22449        6.28808
-0.183673        6.04377
-0.142857        5.78008
-0.102041        5.52765
-0.0612245        5.28585
-0.0204082        5.09777
0.0204082        4.9494
0.0612245        4.84074
0.102041        4.81419
0.142857        4.82224
0.183673        4.87192
0.22449        4.96341
0.265306        5.06418
0.306122        5.17241
0.346939        5.26538
0.387755        5.343
0.428571        5.4041
0.469388        5.44894
0.510204        5.51096
0.55102        5.61607
0.591837        5.79992
0.632653        6.15318
0.673469        6.76157
0.714286        7.68203
0.755102        8.99487
0.795918        10.7702
0.836735        13.0465
0.877551        15.8182
0.918367        19.0427
0.959184        22.4612
1        25.75

W=2159.83
-1        5.13066
-0.959184        5.45363
-0.918367        5.60288
-0.877551        5.64191
-0.836735        5.62966
-0.795918        5.62043
-0.755102        5.64258
-0.714286        5.70957
-0.673469        5.82198
-0.632653        5.97164
-0.591837        6.14648
-0.55102        6.32137
-0.510204        6.47532
-0.469388        6.59722
-0.428571        6.67399
-0.387755        6.66977
-0.346939        6.61075
-0.306122        6.50052
-0.265306        6.31266
-0.22449        6.09154
-0.183673        5.84609
-0.142857        5.58558
-0.102041        5.34054
-0.0612245        5.10968
-0.0204082        4.94199
0.0204082        4.81954
0.0612245        4.74233
0.102041        4.7571
0.142857        4.80988
0.183673        4.90829
0.22449        5.04977
0.265306        5.1983
0.306122        5.35084
0.346939        5.47569
0.387755        5.57467
0.428571        5.64516
0.469388        5.67702
0.510204        5.70878
0.55102        5.76786
0.591837        5.89011
0.632653        6.16668
0.673469        6.68955
0.714286        7.52045
0.755102        8.74243
0.795918        10.4261
0.836735        12.6056
0.877551        15.2635
0.918367        18.3257
0.959184        21.4963
1        24.3798

W=2184.34
-1        5.06413
-0.959184        5.41874
-0.918367        5.60692
-0.877551        5.67376
-0.836735        5.6674
-0.795918        5.64351
-0.755102        5.63371
-0.714286        5.65634
-0.673469        5.71732
-0.632653        5.81316
-0.591837        5.93596
-0.55102        6.06458
-0.510204        6.17854
-0.469388        6.26677
-0.428571        6.31665
-0.387755        6.29401
-0.346939        6.22126
-0.306122        6.10158
-0.265306        5.91067
-0.22449        5.69059
-0.183673        5.4497
-0.142857        5.20105
-0.102041        4.97357
-0.0612245        4.76502
-0.0204082        4.63121
0.0204082        4.54916
0.0612245        4.51886
0.102041        4.59215
0.142857        4.70748
0.183673        4.8732
0.22449        5.08371
0.265306        5.2987
0.306122        5.51372
0.346939        5.68603
0.387755        5.81934
0.428571        5.90911
0.469388        5.93115
0.510204        5.92928
0.55102        5.93203
0.591837        5.9742
0.632653        6.14455
0.673469        6.54075
0.714286        7.22944
0.755102        8.29495
0.795918        9.80661
0.836735        11.792
0.877551        14.2175
0.918367        16.9684
0.959184        19.7056
1        21.9457

W=2208.86
-1        5.03271
-0.959184        5.40809
-0.918367        5.62918
-0.877551        5.72534
-0.836735        5.73516
-0.795918        5.71346
-0.755102        5.69316
-0.714286        5.69542
-0.673469        5.72964
-0.632653        5.7955
-0.591837        5.88794
-0.55102        5.98869
-0.510204        6.07808
-0.469388        6.14522
-0.428571        6.1779
-0.387755        6.1431
-0.346939        6.06099
-0.306122        5.93449
-0.265306        5.74058
-0.22449        5.51993
-0.183673        5.28057
-0.142857        5.03786
-0.102041        4.8199
-0.0612245        4.62384
-0.0204082        4.50997
0.0204082        4.45221
0.0612245        4.45055
0.102041        4.56051
0.142857        4.71555
0.183673        4.92458
0.22449        5.18058
0.265306        5.44013
0.306122        5.69798
0.346939        5.90489
0.387755        6.06527
0.428571        6.17338
0.469388        6.19658
0.510204        6.18177
0.55102        6.15815
0.591837        6.16004
0.632653        6.27505
0.673469        6.60466
0.714286        7.21872
0.755102        8.20264
0.795918        9.62515
0.836735        11.5097
0.877551        13.8123
0.918367        16.3918
0.959184        18.8803
1        20.7361

W=2233.38
-1        4.82539
-0.959184        5.20028
-0.918367        5.45853
-0.877551        5.59971
-0.836735        5.64309
-0.795918        5.6368
-0.755102        5.61291
-0.714286        5.59513
-0.673469        5.59732
-0.632653        5.62386
-0.591837        5.67407
-0.55102        5.73483
-0.510204        5.78878
-0.469388        5.82587
-0.428571        5.83505
-0.387755        5.78605
-0.346939        5.69525
-0.306122        5.56508
-0.265306        5.37489
-0.22449        5.16197
-0.183673        4.9337
-0.142857        4.70786
-0.102041        4.51065
-0.0612245        4.33856
-0.0204082        4.25618
0.0204082        4.23426
0.0612245        4.27282
0.102041        4.43144
0.142857        4.63859
0.183673        4.90389
0.22449        5.21963
0.265306        5.53866
0.306122        5.85515
0.346939        6.11332
0.387755        6.31733
0.428571        6.46004
0.469388        6.49862
0.510204        6.48181
0.55102        6.4386
0.591837        6.40119
0.632653        6.45234
0.673469        6.69483
0.714286        7.2001
0.755102        8.05155
0.795918        9.31379
0.836735        11.0024
0.877551        13.0585
0.918367        15.3051
0.959184        17.3434
1        18.5627

W=2257.9
-1        4.69676
-0.959184        5.06312
-0.918367        5.34612
-0.877551        5.52092
-0.836735        5.59096
-0.795918        5.59822
-0.755102        5.57364
-0.714286        5.54268
-0.673469        5.52244
-0.632653        5.52091
-0.591837        5.5407
-0.55102        5.57259
-0.510204        5.60103
-0.469388        5.61658
-0.428571        5.60902
-0.387755        5.55008
-0.346939        5.45329
-0.306122        5.32073
-0.265306        5.13335
-0.22449        4.92605
-0.183673        4.70575
-0.142857        4.49198
-0.102041        4.30975
-0.0612245        4.15504
-0.0204082        4.09587
0.0204082        4.10071
0.0612245        4.16956
0.102041        4.36553
0.142857        4.61305
0.183673        4.92233
0.22449        5.28552
0.265306        5.65226
0.306122        6.0163
0.346939        6.31716
0.387755        6.55842
0.428571        6.73189
0.469388        6.78711
0.510204        6.77411
0.55102        6.72164
0.591837        6.6604
0.632653        6.66956
0.673469        6.85298
0.714286        7.28328
0.755102        8.04225
0.795918        9.1912
0.836735        10.7392
0.877551        12.6153
0.918367        14.613
0.959184        16.3083
1        17.0338

W=2282.41
-1        4.54901
-0.959184        4.83173
-0.918367        5.09506
-0.877551        5.28168
-0.836735        5.37236
-0.795918        5.39485
-0.755102        5.37491
-0.714286        5.33724
-0.673469        5.30085
-0.632653        5.27675
-0.591837        5.2707
-0.55102        5.2778
-0.510204        5.28484
-0.469388        5.28331
-0.428571        5.26413
-0.387755        5.20161
-0.346939        5.10592
-0.306122        4.97872
-0.265306        4.80247
-0.22449        4.60886
-0.183673        4.40425
-0.142857        4.20876
-0.102041        4.04611
-0.0612245        3.91206
-0.0204082        3.87616
0.0204082        3.90619
0.0612245        4.00213
0.102041        4.23015
0.142857        4.5125
0.183673        4.86003
0.22449        5.26678
0.265306        5.67934
0.306122        6.09175
0.346939        6.44222
0.387755        6.73185
0.428571        6.95172
0.469388        7.04626
0.510204        7.06376
0.55102        7.03143
0.591837        6.97712
0.632653        6.97329
0.673469        7.12029
0.714286        7.48837
0.755102        8.15338
0.795918        9.16872
0.836735        10.5331
0.877551        12.1604
0.918367        13.8108
0.959184        15.041
1        15.1315

W=2306.93
-1        4.40999
-0.959184        4.6028
-0.918367        4.84186
-0.877551        5.03724
-0.836735        5.14688
-0.795918        5.18384
-0.755102        5.16845
-0.714286        5.12441
-0.673469        5.07248
-0.632653        5.02654
-0.591837        4.99544
-0.55102        4.97852
-0.510204        4.9649
-0.469388        4.94699
-0.428571        4.91681
-0.387755        4.85127
-0.346939        4.75721
-0.306122        4.63582
-0.265306        4.47107
-0.22449        4.29144
-0.183673        4.10273
-0.142857        3.92557
-0.102041        3.78238
-0.0612245        3.66878
-0.0204082        3.65566
0.0204082        3.71023
0.0612245        3.83251
0.102041        4.09162
0.142857        4.40778
0.183673        4.79252
0.22449        5.24185
0.265306        5.6994
0.306122        6.15953
0.346939        6.55941
0.387755        6.89756
0.428571        7.16437
0.469388        7.29943
0.510204        7.34909
0.55102        7.33898
0.591837        7.29403
0.632653        7.27989
0.673469        7.39312
0.714286        7.70135
0.755102        8.27425
0.795918        9.15708
0.836735        10.3379
0.877551        11.7155
0.918367        13.0166
0.959184        13.7789
1        13.232

W=2331.45
-1        4.63588
-0.959184        4.61679
-0.918367        4.7246
-0.877551        4.84609
-0.836735        4.92031
-0.795918        4.94008
-0.755102        4.91636
-0.714286        4.86753
-0.673469        4.8117
-0.632653        4.76185
-0.591837        4.72692
-0.55102        4.70729
-0.510204        4.6927
-0.469388        4.67587
-0.428571        4.64927
-0.387755        4.59086
-0.346939        4.50583
-0.306122        4.39513
-0.265306        4.24273
-0.22449        4.0755
-0.183673        3.89913
-0.142857        3.73299
-0.102041        3.59949
-0.0612245        3.49446
-0.0204082        3.48765
0.0204082        3.54788
0.0612245        3.67516
0.102041        3.93988
0.142857        4.26304
0.183673        4.65656
0.22449        5.11991
0.265306        5.5952
0.306122        6.07773
0.346939        6.50838
0.387755        6.88214
0.428571        7.18958
0.469388        7.37162
0.510204        7.47049
0.55102        7.50976
0.591837        7.51199
0.632653        7.53702
0.673469        7.6746
0.714286        7.98668
0.755102        8.53448
0.795918        9.35293
0.836735        10.4182
0.877551        11.6146
0.918367        12.6408
0.959184        13.0256
1        11.9664

W=2355.97
-1        4.99046
-0.959184        4.7084
-0.918367        4.64257
-0.877551        4.65844
-0.836735        4.67652
-0.795918        4.66668
-0.755102        4.62877
-0.714286        4.57417
-0.673469        4.51682
-0.632653        4.4675
-0.591837        4.43435
-0.55102        4.41774
-0.510204        4.40759
-0.469388        4.39672
-0.428571        4.37788
-0.387755        4.3297
-0.346939        4.25615
-0.306122        4.15796
-0.265306        4.01877
-0.22449        3.8642
-0.183673        3.69986
-0.142857        3.54342
-0.102041        3.4175
-0.0612245        3.31831
-0.0204082        3.31358
0.0204082        3.37443
0.0612245        3.50086
0.102041        3.76394
0.142857        4.08637
0.183673        4.48042
0.22449        4.94942
0.265306        5.4345
0.306122        5.9321
0.346939        6.38828
0.387755        6.79423
0.428571        7.14092
0.469388        7.37252
0.510204        7.52633
0.55102        7.62365
0.591837        7.6847
0.632653        7.76354
0.673469        7.94181
0.714286        8.27459
0.755102        8.81352
0.795918        9.58194
0.836735        10.5432
0.877551        11.5666
0.918367        12.3231
0.959184        12.3352
1        10.7728

W=2380.48
-1        5.34503
-0.959184        4.80001
-0.918367        4.56054
-0.877551        4.47079
-0.836735        4.43273
-0.795918        4.39329
-0.755102        4.34118
-0.714286        4.28081
-0.673469        4.22193
-0.632653        4.17315
-0.591837        4.14177
-0.55102        4.1282
-0.510204        4.12248
-0.469388        4.11757
-0.428571        4.10648
-0.387755        4.06854
-0.346939        4.00647
-0.306122        3.9208
-0.265306        3.79482
-0.22449        3.6529
-0.183673        3.5006
-0.142857        3.35384
-0.102041        3.2355
-0.0612245        3.14215
-0.0204082        3.13951
0.0204082        3.20098
0.0612245        3.32656
0.102041        3.58801
0.142857        3.9097
0.183673        4.30427
0.22449        4.77893
0.265306        5.27381
0.306122        5.78647
0.346939        6.26819
0.387755        6.70632
0.428571        7.09226
0.469388        7.37342
0.510204        7.58217
0.55102        7.73754
0.591837        7.85741
0.632653        7.99005
0.673469        8.20903
0.714286        8.56251
0.755102        9.09255
0.795918        9.81095
0.836735        10.6682
0.877551        11.5185
0.918367        12.0055
0.959184        11.6448
1        9.57918

W=2405
-1        5.69961
-0.959184        4.89162
-0.918367        4.47851
-0.877551        4.28314
-0.836735        4.18895
-0.795918        4.1199
-0.755102        4.05359
-0.714286        3.98745
-0.673469        3.92705
-0.632653        3.8788
-0.591837        3.84919
-0.55102        3.83866
-0.510204        3.83737
-0.469388        3.83842
-0.428571        3.83509
-0.387755        3.80738
-0.346939        3.75679
-0.306122        3.68363
-0.265306        3.57087
-0.22449        3.4416
-0.183673        3.30133
-0.142857        3.16427
-0.102041        3.0535
-0.0612245        2.966
-0.0204082        2.96545
0.0204082        3.02753
0.0612245        3.15226
0.102041        3.41207
0.142857        3.73303
0.183673        4.12813
0.22449        4.60845
0.265306        5.11311
0.306122        5.64084
0.346939        6.1481
0.387755        6.61842
0.428571        7.04361
0.469388        7.37432
0.510204        7.638
0.55102        7.85143
0.591837        8.03012
0.632653        8.21657
0.673469        8.47624
0.714286        8.85042
0.755102        9.37158
0.795918        10.04
0.836735        10.7932
0.877551        11.4705
0.918367        11.6878
0.959184        10.9544
1        8.38557

