W=1694
-0.998027        13.6104
-0.992115        13.5997
-0.982287        13.5822
-0.968583        13.5579
-0.951057        13.5271
-0.929776        13.4903
-0.904827        13.4478
-0.876307        13.4002
-0.844328        13.348
-0.809017        13.2918
-0.770513        13.2324
-0.728969        13.1704
-0.684547        13.1065
-0.637424        13.0415
-0.587785        12.9762
-0.535827        12.9112
-0.481754        12.8474
-0.425779        12.7854
-0.368125        12.7259
-0.309017        12.6697
-0.24869        12.6171
-0.187381        12.5688
-0.125333        12.5253
-0.0627905        12.4869
-1.60812e-16        12.4539
0.0627905        12.4265
0.125333        12.4048
0.187381        12.389
0.24869        12.3789
0.309017        12.3744
0.368125        12.3753
0.425779        12.3813
0.481754        12.392
0.535827        12.407
0.587785        12.4256
0.637424        12.4475
0.684547        12.4718
0.728969        12.498
0.770513        12.5255
0.809017        12.5534
0.844328        12.5812
0.876307        12.6082
0.904827        12.6337
0.929776        12.6571
0.951057        12.6779
0.968583        12.6956
0.982287        12.7099
0.992115        12.7203
0.998027        12.7266
1        12.7287

W=1724
-0.998027        21.7152
-0.992115        21.6418
-0.982287        21.5205
-0.968583        21.3529
-0.951057        21.1413
-0.929776        20.8883
-0.904827        20.5977
-0.876307        20.2734
-0.844328        19.9203
-0.809017        19.5436
-0.770513        19.1491
-0.728969        18.7431
-0.684547        18.332
-0.637424        17.9226
-0.587785        17.5216
-0.535827        17.1358
-0.481754        16.7716
-0.425779        16.4351
-0.368125        16.1322
-0.309017        15.8682
-0.24869        15.6475
-0.187381        15.4743
-0.125333        15.3519
-0.0627905        15.283
-1.60812e-16        15.2695
0.0627905        15.3126
0.125333        15.4131
0.187381        15.5706
0.24869        15.7846
0.309017        16.0534
0.368125        16.3748
0.425779        16.7457
0.481754        17.1625
0.535827        17.6203
0.587785        18.1138
0.637424        18.6365
0.684547        19.1813
0.728969        19.7403
0.770513        20.3047
0.809017        20.8653
0.844328        21.4124
0.876307        21.9363
0.904827        22.4271
0.929776        22.8752
0.951057        23.2717
0.968583        23.6083
0.982287        23.878
0.992115        24.075
0.998027        24.1949
1        24.2352

W=1741
-0.998027        21.4835
-0.992115        21.3887
-0.982287        21.2321
-0.968583        21.0153
-0.951057        20.7411
-0.929776        20.4131
-0.904827        20.0355
-0.876307        19.6139
-0.844328        19.1543
-0.809017        18.664
-0.770513        18.1507
-0.728969        17.6231
-0.684547        17.0901
-0.637424        16.561
-0.587785        16.045
-0.535827        15.5514
-0.481754        15.0888
-0.425779        14.6654
-0.368125        14.2886
-0.309017        13.9649
-0.24869        13.7
-0.187381        13.4986
-0.125333        13.3643
-0.0627905        13.3
-1.60812e-16        13.3077
0.0627905        13.3886
0.125333        13.5433
0.187381        13.7716
0.24869        14.0725
0.309017        14.4446
0.368125        14.8856
0.425779        15.3922
0.481754        15.9604
0.535827        16.5848
0.587785        17.2592
0.637424        17.9758
0.684547        18.7256
0.728969        19.4982
0.770513        20.2821
0.809017        21.0645
0.844328        21.8319
0.876307        22.57
0.904827        23.2645
0.929776        23.9012
0.951057        24.4665
0.968583        24.9479
0.982287        25.3345
0.992115        25.6174
0.998027        25.7899
1        25.8479

W=1758
-0.998027        21.4682
-0.992115        21.36
-0.982287        21.1807
-0.968583        20.9319
-0.951057        20.6164
-0.929776        20.2375
-0.904827        19.8001
-0.876307        19.31
-0.844328        18.7743
-0.809017        18.2016
-0.770513        17.6013
-0.728969        16.9841
-0.684547        16.3612
-0.637424        15.7443
-0.587785        15.145
-0.535827        14.5747
-0.481754        14.0443
-0.425779        13.5634
-0.368125        13.141
-0.309017        12.7843
-0.24869        12.4994
-0.187381        12.2913
-0.125333        12.1634
-0.0627905        12.1182
-1.60812e-16        12.1574
0.0627905        12.2818
0.125333        12.4915
0.187381        12.7862
0.24869        13.1651
0.309017        13.6267
0.368125        14.169
0.425779        14.7892
0.481754        15.4832
0.535827        16.246
0.587785        17.0708
0.637424        17.9493
0.684547        18.8714
0.728969        19.8248
0.770513        20.7958
0.809017        21.7687
0.844328        22.7265
0.876307        23.6511
0.904827        24.5239
0.929776        25.3264
0.951057        26.0408
0.968583        26.6506
0.982287        27.1413
0.992115        27.5007
0.998027        27.7201
1        27.7939

W=1792
-0.998027        18.0011
-0.992115        17.9122
-0.982287        17.7628
-0.968583        17.551
-0.951057        17.2752
-0.929776        16.9346
-0.904827        16.5294
-0.876307        16.0619
-0.844328        15.5367
-0.809017        14.961
-0.770513        14.3445
-0.728969        13.6994
-0.684547        13.0394
-0.637424        12.3796
-0.587785        11.7357
-0.535827        11.1228
-0.481754        10.5549
-0.425779        10.0445
-0.368125        9.60187
-0.309017        9.23514
-0.24869        8.94998
-0.187381        8.75
-0.125333        8.63704
-0.0627905        8.61161
-1.60812e-16        8.67339
0.0627905        8.82166
0.125333        9.05565
0.187381        9.37485
0.24869        9.77899
0.309017        10.2681
0.368125        10.842
0.425779        11.5005
0.481754        12.2421
0.535827        13.0643
0.587785        13.9626
0.637424        14.9301
0.684547        15.9575
0.728969        17.0322
0.770513        18.139
0.809017        19.2598
0.844328        20.374
0.876307        21.4592
0.904827        22.4918
0.929776        23.4478
0.951057        24.3038
0.968583        25.038
0.982287        25.6311
0.992115        26.0668
0.998027        26.3333
1        26.4229

W=1797
-0.998027        17.4989
-0.992115        17.4183
-0.982287        17.282
-0.968583        17.0874
-0.951057        16.8318
-0.929776        16.513
-0.904827        16.1301
-0.876307        15.6842
-0.844328        15.1791
-0.809017        14.6211
-0.770513        14.0196
-0.728969        13.3864
-0.684547        12.7357
-0.637424        12.0827
-0.587785        11.4435
-0.535827        10.8337
-0.481754        10.2678
-0.425779        9.75861
-0.368125        9.31679
-0.309017        8.95043
-0.24869        8.66524
-0.187381        8.46469
-0.125333        8.35044
-0.0627905        8.32278
-1.60812e-16        8.38119
0.0627905        8.52483
0.125333        8.75293
0.187381        9.06505
0.24869        9.46117
0.309017        9.94162
0.368125        10.5068
0.425779        11.1567
0.481754        11.8907
0.535827        12.7067
0.587785        13.6005
0.637424        14.5658
0.684547        15.5933
0.728969        16.6706
0.770513        17.7826
0.809017        18.9107
0.844328        20.0341
0.876307        21.13
0.904827        22.1742
0.929776        23.1421
0.951057        24.0096
0.968583        24.7542
0.982287        25.356
0.992115        25.7984
0.998027        26.069
1        26.1601

W=1819
-0.998027        14.3138
-0.992115        14.2952
-0.982287        14.2584
-0.968583        14.1952
-0.951057        14.096
-0.929776        13.9507
-0.904827        13.7503
-0.876307        13.4881
-0.844328        13.1609
-0.809017        12.7695
-0.770513        12.3193
-0.728969        11.8196
-0.684547        11.2836
-0.637424        10.7268
-0.587785        10.1663
-0.535827        9.61934
-0.481754        9.10231
-0.425779        8.62959
-0.368125        8.21298
-0.309017        7.86139
-0.24869        7.58079
-0.187381        7.37459
-0.125333        7.24414
-0.0627905        7.18944
-1.60812e-16        7.20987
0.0627905        7.30483
0.125333        7.47428
0.187381        7.71909
0.24869        8.04105
0.309017        8.44286
0.368125        8.92764
0.425779        9.4985
0.481754        10.1578
0.535827        10.9065
0.587785        11.7433
0.637424        12.664
0.684547        13.6613
0.728969        14.7237
0.770513        15.8361
0.809017        16.9794
0.844328        18.1312
0.876307        19.2663
0.904827        20.3574
0.929776        21.3766
0.951057        22.296
0.968583        23.0894
0.982287        23.7334
0.992115        24.2082
0.998027        24.4992
1        24.5973

W=1825
-0.998027        13.7118
-0.992115        13.7087
-0.982287        13.6967
-0.968583        13.6665
-0.951057        13.6065
-0.929776        13.505
-0.904827        13.3508
-0.876307        13.1353
-0.844328        12.8535
-0.809017        12.505
-0.770513        12.0937
-0.728969        11.6285
-0.684547        11.122
-0.637424        10.5896
-0.587785        10.0487
-0.535827        9.51686
-0.481754        9.01069
-0.425779        8.54501
-0.368125        8.13199
-0.309017        7.78078
-0.24869        7.4976
-0.187381        7.286
-0.125333        7.14747
-0.0627905        7.08215
-1.60812e-16        7.08961
0.0627905        7.16948
0.125333        7.32208
0.187381        7.54869
0.24869        7.85166
0.309017        8.23428
0.368125        8.7004
0.425779        9.25384
0.481754        9.89775
0.535827        10.6338
0.587785        11.4613
0.637424        12.3769
0.684547        13.3733
0.728969        14.4395
0.770513        15.5602
0.809017        16.7162
0.844328        17.8845
0.876307        19.039
0.904827        20.1516
0.929776        21.1929
0.951057        22.134
0.968583        22.9473
0.982287        23.6081
0.992115        24.0959
0.998027        24.395
1        24.4958

W=1845.5
-0.998027        10.9258
-0.992115        10.9911
-0.982287        11.0895
-0.968583        11.2064
-0.951057        11.3236
-0.929776        11.4214
-0.904827        11.4805
-0.876307        11.4842
-0.844328        11.42
-0.809017        11.2805
-0.770513        11.0646
-0.728969        10.7769
-0.684547        10.427
-0.637424        10.0291
-0.587785        9.59959
-0.535827        9.15621
-0.481754        8.71624
-0.425779        8.29537
-0.368125        7.90681
-0.309017        7.56087
-0.24869        7.26489
-0.187381        7.02364
-0.125333        6.83988
-0.0627905        6.71518
-1.60812e-16        6.65068
0.0627905        6.64785
0.125333        6.70902
0.187381        6.8378
0.24869        7.03911
0.309017        7.31907
0.368125        7.6846
0.425779        8.14283
0.481754        8.70032
0.535827        9.3622
0.587785        10.1312
0.637424        11.0068
0.684547        11.9843
0.728969        13.054
0.770513        14.2014
0.809017        15.4063
0.844328        16.6434
0.876307        17.8833
0.904827        19.0929
0.929776        20.2371
0.951057        21.2806
0.968583        22.189
0.982287        22.9316
0.992115        23.482
0.998027        23.8206
1        23.9348

W=1879
-0.998027        6.22387
-0.992115        6.39886
-0.982287        6.67553
-0.968583        7.0329
-0.951057        7.44437
-0.929776        7.88015
-0.904827        8.30989
-0.876307        8.70518
-0.844328        9.04172
-0.809017        9.30101
-0.770513        9.4712
-0.728969        9.54739
-0.684547        9.53107
-0.637424        9.42917
-0.587785        9.25265
-0.535827        9.01503
-0.481754        8.73096
-0.425779        8.41499
-0.368125        8.08071
-0.309017        7.7403
-0.24869        7.40432
-0.187381        7.08192
-0.125333        6.78112
-0.0627905        6.5093
-1.60812e-16        6.27359
0.0627905        6.08135
0.125333        5.94057
0.187381        5.86014
0.24869        5.85009
0.309017        5.92172
0.368125        6.0875
0.425779        6.3608
0.481754        6.7553
0.535827        7.28406
0.587785        7.95828
0.637424        8.78577
0.684547        9.76931
0.728969        10.9049
0.770513        12.1806
0.809017        13.5752
0.844328        15.0582
0.876307        16.5903
0.904827        18.1245
0.929776        19.6083
0.951057        20.9868
0.968583        22.2053
0.982287        23.2132
0.992115        23.9669
0.998027        24.4331
1        24.591

W=1909
-0.998027        3.93114
-0.992115        4.15101
-0.982287        4.50184
-0.968583        4.96164
-0.951057        5.50231
-0.929776        6.09204
-0.904827        6.69775
-0.876307        7.28763
-0.844328        7.83321
-0.809017        8.31103
-0.770513        8.70354
-0.728969        8.99949
-0.684547        9.19363
-0.637424        9.28599
-0.587785        9.2809
-0.535827        9.18597
-0.481754        9.0111
-0.425779        8.7677
-0.368125        8.46814
-0.309017        8.12541
-0.24869        7.75286
-0.187381        7.36403
-0.125333        6.97252
-0.0627905        6.59175
-1.60812e-16        6.2348
0.0627905        5.91434
0.125333        5.64268
0.187381        5.43208
0.24869        5.29519
0.309017        5.24572
0.368125        5.29897
0.425779        5.47214
0.481754        5.78421
0.535827        6.25504
0.587785        6.90392
0.637424        7.74728
0.684547        8.796
0.728969        10.0525
0.770513        11.5083
0.809017        13.1417
0.844328        14.917
0.876307        16.785
0.904827        18.6842
0.929776        20.5443
0.951057        22.2899
0.968583        23.8453
0.982287        25.1397
0.992115        26.112
0.998027        26.7152
1        26.9197

W=1930
-0.998027        2.83372
-0.992115        3.05937
-0.982287        3.42102
-0.968583        3.89834
-0.951057        4.46526
-0.929776        5.09207
-0.904827        5.74762
-0.876307        6.40146
-0.844328        7.02568
-0.809017        7.59618
-0.770513        8.09354
-0.728969        8.50325
-0.684547        8.81555
-0.637424        9.02501
-0.587785        9.12997
-0.535827        9.13209
-0.481754        9.03597
-0.425779        8.84901
-0.368125        8.5813
-0.309017        8.24551
-0.24869        7.8567
-0.187381        7.43178
-0.125333        6.98882
-0.0627905        6.54618
-1.60812e-16        6.12158
0.0627905        5.73143
0.125333        5.39058
0.187381        5.11253
0.24869        4.91035
0.309017        4.79781
0.368125        4.7907
0.425779        4.90791
0.481754        5.17173
0.535827        5.6072
0.587785        6.24032
0.637424        7.09508
0.684547        8.18976
0.728969        9.5329
0.770513        11.1195
0.809017        12.9281
0.844328        14.9194
0.876307        17.0365
0.904827        19.2069
0.929776        21.3462
0.951057        23.3638
0.968583        25.1682
0.982287        26.6739
0.992115        27.8071
0.998027        28.5109
1        28.7496

W=1934
-0.998027        2.4864
-0.992115        2.70323
-0.982287        3.05134
-0.968583        3.512
-0.951057        4.06123
-0.929776        4.67165
-0.904827        5.31451
-0.876307        5.96157
-0.844328        6.58666
-0.809017        7.16683
-0.770513        7.68295
-0.728969        8.11991
-0.684547        8.46645
-0.637424        8.71485
-0.587785        8.86062
-0.535827        8.90235
-0.481754        8.84172
-0.425779        8.68369
-0.368125        8.43669
-0.309017        8.11276
-0.24869        7.72728
-0.187381        7.29838
-0.125333        6.84591
-0.0627905        6.39023
-1.60812e-16        5.95085
0.0627905        5.54549
0.125333        5.18958
0.187381        4.89653
0.24869        4.67875
0.309017        4.54919
0.368125        4.52306
0.425779        4.61924
0.481754        4.86095
0.535827        5.27515
0.587785        5.89059
0.637424        6.73459
0.684547        7.82882
0.728969        9.18467
0.770513        10.799
0.809017        12.6509
0.844328        14.7001
0.876307        16.8869
0.904827        19.1351
0.929776        21.3558
0.951057        23.4531
0.968583        25.3307
0.982287        26.8984
0.992115        28.0787
0.998027        28.8119
1        29.0606

W=1938
-0.998027        2.51393
-0.992115        2.73316
-0.982287        3.08512
-0.968583        3.55089
-0.951057        4.1062
-0.929776        4.72338
-0.904827        5.37336
-0.876307        6.02758
-0.844328        6.6596
-0.809017        7.24619
-0.770513        7.76803
-0.728969        8.20982
-0.684547        8.5602
-0.637424        8.81135
-0.587785        8.95874
-0.535827        9.00093
-0.481754        8.93963
-0.425779        8.77985
-0.368125        8.53012
-0.309017        8.2026
-0.24869        7.81285
-0.187381        7.3792
-0.125333        6.92172
-0.0627905        6.46099
-1.60812e-16        6.01675
0.0627905        5.6069
0.125333        5.24704
0.187381        4.95075
0.24869        4.73056
0.309017        4.59956
0.368125        4.57314
0.425779        4.67039
0.481754        4.91478
0.535827        5.33356
0.587785        5.95582
0.637424        6.80917
0.684547        7.91551
0.728969        9.28638
0.770513        10.9186
0.809017        12.791
0.844328        14.8629
0.876307        17.0739
0.904827        19.347
0.929776        21.5923
0.951057        23.7128
0.968583        25.6112
0.982287        27.1963
0.992115        28.3896
0.998027        29.131
1        29.3824

W=1966
-0.998027        2.31143
-0.992115        2.49582
-0.982287        2.79273
-0.968583        3.18758
-0.951057        3.66192
-0.929776        4.19497
-0.904827        4.76517
-0.876307        5.35147
-0.844328        5.93423
-0.809017        6.49556
-0.770513        7.01929
-0.728969        7.4906
-0.684547        7.89563
-0.637424        8.22129
-0.587785        8.45549
-0.535827        8.58791
-0.481754        8.61124
-0.425779        8.52262
-0.368125        8.32503
-0.309017        8.02811
-0.24869        7.64815
-0.187381        7.20713
-0.125333        6.73073
-0.0627905        6.24578
-1.60812e-16        5.77753
0.0627905        5.34749
0.125333        4.97231
0.187381        4.66399
0.24869        4.43168
0.309017        4.28444
0.368125        4.23454
0.425779        4.30026
0.481754        4.50754
0.535827        4.88963
0.587785        5.48452
0.637424        6.33036
0.684547        7.45941
0.728969        8.89145
0.770513        10.6279
0.809017        12.6474
0.844328        14.904
0.876307        17.3283
0.904827        19.8307
0.929776        22.3074
0.951057        24.6476
0.968583        26.7418
0.982287        28.4887
0.992115        29.8024
0.998027        30.6179
1        30.8943

W=1978
-0.998027        2.42199
-0.992115        2.59304
-0.982287        2.86848
-0.968583        3.23493
-0.951057        3.6756
-0.929776        4.17184
-0.904827        4.70457
-0.876307        5.25544
-0.844328        5.8075
-0.809017        6.34524
-0.770513        6.85431
-0.728969        7.3208
-0.684547        7.73076
-0.637424        8.06987
-0.587785        8.32387
-0.535827        8.47961
-0.481754        8.52666
-0.425779        8.45933
-0.368125        8.27843
-0.309017        7.9925
-0.24869        7.61791
-0.187381        7.17777
-0.125333        6.69964
-0.0627905        6.21248
-1.60812e-16        5.74337
0.0627905        5.31493
0.125333        4.94386
0.187381        4.64126
0.24869        4.41461
0.309017        4.2711
0.368125        4.22146
0.425779        4.28336
0.481754        4.48339
0.535827        4.85675
0.587785        5.44447
0.637424        6.28824
0.684547        7.42368
0.728969        8.87307
0.770513        10.6389
0.809017        12.6991
0.844328        15.0057
0.876307        17.4858
0.904827        20.0456
0.929776        22.5775
0.951057        24.9674
0.968583        27.1033
0.982287        28.8828
0.992115        30.2196
0.998027        31.0486
1        31.3295

W=1999
-0.998027        2.75642
-0.992115        2.89901
-0.982287        3.12822
-0.968583        3.43255
-0.951057        3.79806
-0.929776        4.20993
-0.904827        4.6539
-0.876307        5.11716
-0.844328        5.58861
-0.809017        6.05839
-0.770513        6.51679
-0.728969        6.953
-0.684547        7.35398
-0.637424        7.70403
-0.587785        7.98523
-0.535827        8.1791
-0.481754        8.26905
-0.425779        8.24342
-0.368125        8.09829
-0.309017        7.83947
-0.24869        7.483
-0.187381        7.0539
-0.125333        6.5832
-0.0627905        6.10385
-1.60812e-16        5.64638
0.0627905        5.23522
0.125333        4.88676
0.187381        4.6096
0.24869        4.40714
0.309017        4.28197
0.368125        4.24097
0.425779        4.2999
0.481754        4.48605
0.535827        4.83808
0.587785        5.40263
0.637424        6.22801
0.684547        7.35596
0.728969        8.81298
0.770513        10.6029
0.809017        12.7019
0.844328        15.0573
0.876307        17.5896
0.904827        20.1986
0.929776        22.7711
0.951057        25.1899
0.968583        27.3425
0.982287        29.1287
0.992115        30.4658
0.998027        31.293
1        31.5729

W=2026
-0.998027        3.36975
-0.992115        3.47386
-0.982287        3.63944
-0.968583        3.85618
-0.951057        4.11243
-0.929776        4.39727
-0.904827        4.70218
-0.876307        5.02186
-0.844328        5.35405
-0.809017        5.69819
-0.770513        6.05324
-0.728969        6.41512
-0.684547        6.77453
-0.637424        7.11577
-0.587785        7.41713
-0.535827        7.65309
-0.481754        7.7981
-0.425779        7.83121
-0.368125        7.74069
-0.309017        7.52741
-0.24869        7.20615
-0.187381        6.80423
-0.125333        6.35765
-0.0627905        5.9053
-1.60812e-16        5.48276
0.0627905        5.1169
0.125333        4.82295
0.187381        4.60463
0.24869        4.45776
0.309017        4.37636
0.368125        4.35991
0.425779        4.41992
0.481754        4.58374
0.535827        4.89461
0.587785        5.40716
0.637424        6.17914
0.684547        7.26075
0.728969        8.68373
0.770513        10.4524
0.809017        12.5388
0.844328        14.8821
0.876307        17.3933
0.904827        19.964
0.929776        22.4767
0.951057        24.8154
0.968583        26.8748
0.982287        28.5664
0.992115        29.8219
0.998027        30.5937
1        30.854

W=2059
-0.998027        4.0182
-0.992115        4.09661
-0.982287        4.21831
-0.968583        4.37199
-0.951057        4.5457
-0.929776        4.72961
-0.904827        4.91836
-0.876307        5.11212
-0.844328        5.31625
-0.809017        5.53922
-0.770513        5.78925
-0.728969        6.07033
-0.684547        6.37859
-0.637424        6.70007
-0.587785        7.0107
-0.535827        7.27881
-0.481754        7.47012
-0.425779        7.55415
-0.368125        7.51082
-0.309017        7.33559
-0.24869        7.04186
-0.187381        6.65967
-0.125333        6.23082
-0.0627905        5.8013
-1.60812e-16        5.41282
0.0627905        5.09536
0.125333        4.86284
0.187381        4.71321
0.24869        4.63298
0.309017        4.60553
0.368125        4.62095
0.425779        4.68501
0.481754        4.8246
0.535827        5.08797
0.587785        5.53905
0.637424        6.24673
0.684547        7.2712
0.728969        8.65027
0.770513        10.3887
0.809017        12.4528
0.844328        14.7717
0.876307        17.2448
0.904827        19.7538
0.929776        22.1762
0.951057        24.3986
0.968583        26.3256
0.982287        27.8851
0.992115        29.0275
0.998027        29.723
1        29.9563

W=2097
-0.998027        4.65413
-0.992115        4.71626
-0.982287        4.80843
-0.968583        4.91646
-0.951057        5.02559
-0.929776        5.12431
-0.904827        5.20766
-0.876307        5.27904
-0.844328        5.35007
-0.809017        5.4381
-0.770513        5.5618
-0.728969        5.73551
-0.684547        5.96379
-0.637424        6.23749
-0.587785        6.53264
-0.535827        6.81289
-0.481754        7.03549
-0.425779        7.15966
-0.368125        7.15568
-0.309017        7.01246
-0.24869        6.74161
-0.187381        6.3766
-0.125333        5.96683
-0.0627905        5.56777
-1.60812e-16        5.2294
0.0627905        4.98579
0.125333        4.84871
0.187381        4.80712
0.24869        4.83314
0.309017        4.89317
0.368125        4.96164
0.425779        5.03364
0.481754        5.13305
0.535827        5.31349
0.587785        5.65117
0.637424        6.23096
0.684547        7.12835
0.728969        8.39163
0.770513        10.0283
0.809017        11.9991
0.844328        14.221
0.876307        16.5787
0.904827        18.9411
0.929776        21.1806
0.951057        23.1881
0.968583        24.8842
0.982287        26.2204
0.992115        27.1758
0.998027        27.7465
1        27.9361

W=2104
-0.998027        4.74901
-0.992115        4.80963
-0.982287        4.8988
-0.968583        5.00165
-0.951057        5.10264
-0.929776        5.18954
-0.904827        5.25693
-0.876307        5.30819
-0.844328        5.35555
-0.809017        5.41762
-0.770513        5.51487
-0.728969        5.66373
-0.684547        5.87079
-0.637424        6.12844
-0.587785        6.41341
-0.535827        6.68914
-0.481754        6.91175
-0.425779        7.03877
-0.368125        7.03872
-0.309017        6.89924
-0.24869        6.63154
-0.187381        6.26975
-0.125333        5.86486
-0.0627905        5.47437
-1.60812e-16        5.15004
0.0627905        4.92676
0.125333        4.81565
0.187381        4.80335
0.24869        4.85827
0.309017        4.94237
0.368125        5.0258
0.425779        5.10054
0.481754        5.18919
0.535827        5.34618
0.587785        5.65041
0.637424        6.19051
0.684547        7.04586
0.728969        8.26766
0.770513        9.86466
0.809017        11.7969
0.844328        13.9792
0.876307        16.293
0.904827        18.6051
0.929776        20.7867
0.951057        22.7304
0.968583        24.3605
0.982287        25.6348
0.992115        26.5391
0.998027        27.0762
1        27.254

W=2137
-0.998027        5.03266
-0.992115        5.09452
-0.982287        5.18457
-0.968583        5.28618
-0.951057        5.38144
-0.929776        5.45545
-0.904827        5.50024
-0.876307        5.51753
-0.844328        5.51929
-0.809017        5.52583
-0.770513        5.56124
-0.728969        5.6471
-0.684547        5.79561
-0.637424        6.00412
-0.587785        6.25252
-0.535827        6.50481
-0.481754        6.71507
-0.425779        6.83696
-0.368125        6.83463
-0.309017        6.69248
-0.24869        6.42101
-0.187381        6.05682
-0.125333        5.65618
-0.0627905        5.28328
-1.60812e-16        4.99584
0.0627905        4.8317
0.125333        4.80011
0.187381        4.88038
0.24869        5.02886
0.309017        5.19291
0.368125        5.32854
0.425779        5.41725
0.481754        5.47727
0.535827        5.56583
0.587785        5.77103
0.637424        6.19468
0.684547        6.92992
0.728969        8.03873
0.770513        9.53492
0.809017        11.3769
0.844328        13.472
0.876307        15.6912
0.904827        17.8914
0.929776        19.9385
0.951057        21.727
0.968583        23.1911
0.982287        24.3053
0.992115        25.0752
0.998027        25.5226
1        25.6688

W=2159
-0.998027        5.13309
-0.992115        5.19783
-0.982287        5.29259
-0.968583        5.40033
-0.951057        5.50216
-0.929776        5.58151
-0.904827        5.62819
-0.876307        5.64153
-0.844328        5.63154
-0.809017        5.6176
-0.770513        5.62431
-0.728969        5.67525
-0.684547        5.78582
-0.637424        5.95698
-0.587785        6.17187
-0.535827        6.39658
-0.481754        6.58579
-0.425779        6.69237
-0.368125        6.6789
-0.309017        6.52836
-0.24869        6.25085
-0.187381        5.88421
-0.125333        5.48753
-0.0627905        5.12872
-1.60812e-16        4.8689
0.0627905        4.74755
0.125333        4.77261
0.187381        4.91859
0.24869        5.1339
0.309017        5.3561
0.368125        5.5315
0.425779        5.63404
0.481754        5.67826
0.535827        5.72238
0.587785        5.85988
0.637424        6.20087
0.684547        6.84752
0.728969        7.86924
0.770513        9.28389
0.809017        11.0497
0.844328        13.0699
0.876307        15.2097
0.904827        17.32
0.929776        19.264
0.951057        20.9377
0.968583        22.2821
0.982287        23.2827
0.992115        23.9584
0.998027        24.3432
1        24.4675

W=2181.5
-0.998027        5.06703
-0.992115        5.13504
-0.982287        5.23658
-0.968583        5.35577
-0.951057        5.47394
-0.929776        5.57307
-0.904827        5.63966
-0.876307        5.66827
-0.844328        5.66374
-0.809017        5.64106
-0.770513        5.62257
-0.728969        5.6324
-0.684547        5.68931
-0.637424        5.7998
-0.587785        5.95336
-0.535827        6.12192
-0.481754        6.26433
-0.425779        6.33543
-0.368125        6.29785
-0.309017        6.13362
-0.24869        5.85202
-0.187381        5.49122
-0.125333        5.11224
-0.0627905        4.78601
-1.60812e-16        4.57668
0.0627905        4.52504
0.125333        4.63717
0.187381        4.88154
0.24869        5.19657
0.309017        5.50713
0.368125        5.74632
0.425779        5.87704
0.481754        5.90716
0.535827        5.89391
0.587785        5.93533
0.637424        6.15026
0.684547        6.65121
0.728969        7.51675
0.770513        8.7705
0.809017        10.3719
0.844328        12.2215
0.876307        14.1796
0.904827        16.0933
0.929776        17.8251
0.951057        19.2769
0.968583        20.4016
0.982287        21.2016
0.992115        21.7152
0.998027        21.9944
1        22.082

W=2208
-0.998027        5.04
-0.992115        5.10988
-0.982287        5.21612
-0.968583        5.34437
-0.951057        5.47681
-0.929776        5.59491
-0.904827        5.68297
-0.876307        5.73189
-0.844328        5.74214
-0.809017        5.72475
-0.770513        5.69949
-0.728969        5.69003
-0.684547        5.717
-0.637424        5.79056
-0.587785        5.90478
-0.535827        6.03598
-0.481754        6.14629
-0.425779        6.19225
-0.368125        6.13676
-0.309017        5.96124
-0.24869        5.67445
-0.187381        5.31487
-0.125333        4.945
-0.0627905        4.63828
-1.60812e-16        4.46141
0.0627905        4.45668
0.125333        4.62936
0.187381        4.94411
0.24869        5.33253
0.309017        5.71059
0.368125        6.00202
0.425779        6.16175
0.481754        6.19283
0.535827        6.15175
0.587785        6.13992
0.637424        6.28252
0.684547        6.69952
0.728969        7.47605
0.770513        8.63956
0.809017        10.1499
0.844328        11.9049
0.876307        13.7603
0.904827        15.5594
0.929776        17.1635
0.951057        18.4776
0.968583        19.4625
0.982287        20.1326
0.992115        20.5399
0.998027        20.7492
1        20.8125

W=2244
-0.998027        4.73558
-0.992115        4.79927
-0.982287        4.90061
-0.968583        5.0313
-0.951057        5.17853
-0.929776        5.32567
-0.904827        5.45457
-0.876307        5.54942
-0.844328        5.60115
-0.809017        5.6107
-0.770513        5.58982
-0.728969        5.55834
-0.684547        5.53822
-0.637424        5.54578
-0.587785        5.5846
-0.535827        5.6415
-0.481754        5.68784
-0.425779        5.68646
-0.368125        5.60295
-0.309017        5.41843
-0.24869        5.1397
-0.187381        4.80329
-0.125333        4.47108
-0.0627905        4.21762
-1.60812e-16        4.11186
0.0627905        4.19797
0.125333        4.48089
0.187381        4.92124
0.24869        5.44217
0.309017        5.94748
0.368125        6.34671
0.425779        6.58113
0.481754        6.64316
0.535827        6.58354
0.587785        6.50332
0.637424        6.53188
0.684547        6.79597
0.728969        7.38759
0.770513        8.33904
0.809017        9.61193
0.844328        11.1033
0.876307        12.6674
0.904827        14.1481
0.929776        15.4125
0.951057        16.3778
0.968583        17.0244
0.982287        17.3917
0.992115        17.558
0.998027        17.6118
1        17.6212

W=2259
-0.998027        4.69368
-0.992115        4.75408
-0.982287        4.85162
-0.968583        4.97996
-0.951057        5.12805
-0.929776        5.28013
-0.904827        5.41775
-0.876307        5.5236
-0.844328        5.58619
-0.809017        5.60384
-0.770513        5.58608
-0.728969        5.55159
-0.684547        5.52246
-0.637424        5.51644
-0.587785        5.53933
-0.535827        5.58047
-0.481754        5.61339
-0.425779        5.60231
-0.368125        5.51333
-0.309017        5.32732
-0.24869        5.0505
-0.187381        4.71896
-0.125333        4.39458
-0.0627905        4.15252
-1.60812e-16        4.06267
0.0627905        4.17016
0.125333        4.48021
0.187381        4.95274
0.24869        5.50897
0.309017        6.04963
0.368125        6.48067
0.425779        6.73978
0.481754        6.8166
0.535827        6.76033
0.587785        6.67189
0.637424        6.68165
0.684547        6.918
0.728969        7.47445
0.770513        8.38418
0.809017        9.60877
0.844328        11.0445
0.876307        12.5446
0.904827        13.9527
0.929776        15.137
0.951057        16.0179
0.968583        16.581
0.982287        16.8723
0.992115        16.9775
0.998027        16.9916
1        16.9872

W=2305
-0.998027        4.40946
-0.992115        4.43285
-0.982287        4.47924
-0.968583        4.55497
-0.951057        4.66153
-0.929776        4.79215
-0.904827        4.93139
-0.876307        5.0583
-0.844328        5.15225
-0.809017        5.19954
-0.770513        5.19815
-0.728969        5.15878
-0.684547        5.10121
-0.637424        5.04692
-0.587785        5.01038
-0.535827        4.99207
-0.481754        4.97632
-0.425779        4.93532
-0.368125        4.83882
-0.309017        4.667
-0.24869        4.42223
-0.187381        4.13554
-0.125333        3.86462
-0.0627905        3.68281
-1.60812e-16        3.66098
0.0627905        3.84728
0.125333        4.25049
0.187381        4.83262
0.24869        5.51383
0.309017        6.18985
0.368125        6.7577
0.425779        7.14347
0.481754        7.32408
0.535827        7.33673
0.587785        7.27231
0.637424        7.25375
0.684547        7.40446
0.728969        7.81489
0.770513        8.51656
0.809017        9.47068
0.844328        10.5751
0.876307        11.688
0.904827        12.6627
0.929776        13.3836
0.951057        13.7938
0.968583        13.9078
0.982287        13.8035
0.992115        13.5983
0.998027        13.4139
1        13.3413

W=2316
-0.998027        4.41246
-0.992115        4.42448
-0.982287        4.45433
-0.968583        4.51139
-0.951057        4.60028
-0.929776        4.71679
-0.904827        4.84689
-0.876307        4.96969
-0.844328        5.06339
-0.809017        5.11233
-0.770513        5.11236
-0.728969        5.07248
-0.684547        5.01164
-0.637424        4.95153
-0.587785        4.9077
-0.535827        4.8823
-0.481754        4.8613
-0.425779        4.81812
-0.368125        4.72304
-0.309017        4.55596
-0.24869        4.31841
-0.187381        4.04033
-0.125333        3.77849
-0.0627905        3.60577
-1.60812e-16        3.59326
0.0627905        3.78989
0.125333        4.20554
0.187381        4.80326
0.24869        5.50388
0.309017        6.20304
0.368125        6.79691
0.425779        7.20992
0.481754        7.41675
0.535827        7.45203
0.587785        7.40404
0.637424        7.39326
0.684547        7.54094
0.728969        7.93578
0.770513        8.60805
0.809017        9.51828
0.844328        10.5644
0.876307        11.6059
0.904827        12.4983
0.929776        13.1297
0.951057        13.4484
0.968583        13.4747
0.982287        13.2931
0.992115        13.0273
0.998027        12.8044
1        12.7185

W=2405
-0.998027        5.69961
-0.992115        5.53656
-0.982287        5.29958
-0.968583        5.03062
-0.951057        4.77144
-0.929776        4.55315
-0.904827        4.38992
-0.876307        4.27827
-0.844328        4.20209
-0.809017        4.14098
-0.770513        4.07901
-0.728969        4.01048
-0.684547        3.94081
-0.637424        3.88226
-0.587785        3.84625
-0.535827        3.83552
-0.481754        3.83943
-0.425779        3.83486
-0.368125        3.7932
-0.309017        3.69163
-0.24869        3.52496
-0.187381        3.31378
-0.125333        3.10542
-0.0627905        2.96602
-1.60812e-16        2.96517
0.0627905        3.15705
0.125333        3.5634
0.187381        4.16402
0.24869        4.89828
0.309017        5.67826
0.368125        6.41059
0.425779        7.02098
0.481754        7.47452
0.535827        7.78524
0.587785        8.01161
0.637424        8.23836
0.684547        8.54935
0.728969        8.99907
0.770513        9.59125
0.809017        10.2713
0.844328        10.9362
0.876307        11.459
0.904827        11.7234
0.929776        11.6578
0.951057        11.2594
0.968583        10.6017
0.982287        9.82191
0.992115        9.09076
0.998027        8.57259
1        8.38557

